35
22
27
27
6
11
24
21
33
18
10
10
21
6
13
17
15
4
29
29
0
25
36
19
26
14
14
12
15
30
6
22
24
19
34
6
15
19
1
29
16
12
17
6
19
16
34
35
10
13
20
35
35
2
29
36
4
1
12
16
26
27
9
18
18
26
6
25
19
31
18
31
28
28
22
35
25
25
13
13
31
23
31
29
27
22
28
34
35
19
3
10
17
17
8
30
36
36
3
14
31
4
4
28
3
5
19
26
26
32
2
18
29
11
6
24
28
36
34
22
0
17
20
2
11
17
25
26
25
2
16
11
32
17
17
19
6
29
23
29
23
1
8
8
8
8
8
8
8
8
21
29
35
30
1
19
33
8
34
21
5
32
9
32
23
29
29
12
12
28
28
18
16
18
23
23
26
29
29
19
19
0
29
6
31
6
10
26
18
31
31
24
24
24
11
21
21
0
5
9
30
20
11
25
34
34
1
32
25
26
6
5
17
35
35
2
28
16
36
22
20
24
33
10
18
9
28
7
14
22
17
31
1
18
8
4
2
9
8
36
36
30
7
3
30
31
16
4
0
26
26
8
26
18
11
36
3
16
12
34
14
12
1
22
29
19
22
0
21
24
24
27
3
5
2
13
33
32
35
35
15
25
21
4
35
22
6
14
5
18
22
14
6
11
1
26
22
28
31
5
0
11
26
24
24
32
15
36
5
2
16
15
32
36
8
11
11
24
29
14
26
35
6
3
32
18
10
14
29
29
6
6
18
17
3
4
28
16
11
11
7
16
26
26
34
29
21
23
17
2
4
9
7
13
24
14
21
1
24
10
10
1
32
34
14
4
12
24
19
14
9
13
20
14
35
20
28
5
14
6
25
2
5
28
20
6
9
9
27
33
8
0
30
6
36
14
6
17
22
6
22
8
8
26
35
6
25
24
28
13
32
25
13
20
11
35
29
13
20
4
16
5
32
4
17
2
35
5
16
22
13
0
32
22
8
16
8
14
13
4
13
13
12
28
21
18
28
33
17
29
14
34
19
21
2
10
15
35
16
10
28
30
12
23
22
27
20
9
34
4
4
25
18
16
15
29
4
34
15
12
10
10
29
28
28
20
25
1
17
12
29
29
5
22
36
2
29
14
22
35
5
21
21
6
29
7
18
10
10
11
27
26
31
11
13
35
35
35
24
23
32
21
5
10
28
27
26
19
28
1
15
1
27
33
25
13
0
3
29
15
27
16
11
22
15
26
32
20
0
20
10
15
26
8
8
15
1
28
23
30
17
2
32
36
34
2
30
31
11
7
22
18
21
20
16
20
35
13
4
33
20
36
15
29
32
27
9
32
21
33
5
20
8
32
2
21
10
20
11
9
34
10
18
32
12
5
13
26
33
28
28
27
24
20
24
29
30
13
6
10
27
20
13
13
35
28
22
23
1
31
31
26
2
11
21
34
30
26
20
29
33
11
5
10
17
28
5
10
26
32
33
9
9
34
25
23
16
34
24
24
19
2
5
30
0
10
17
8
12
18
11
10
21
4
10
1
35
11
16
4
18
9
8
26
29
7
33
23
23
1
28
22
14
25
14
2
17
24
35
27
20
14
5
35
8
13
13
27
27
0
13
8
12
12
33
26
31
12
12
7
13
11
0
19
19
6
0
20
2
34
9
28
15
3
29
35
20
7
27
0
10
3
5
8
29
30
29
33
18
11
21
25
1
14
11
31
25
3
7
4
20
3
8
18
18
9
27
6
21
19
19
12
7
34
10
16
34
8
9
9
21
21
20
36
4
6
28
28
1
17
23
15
4
4
35
19
4
28
31
15
5
17
7
32
3
14
30
7
16
22
29
10
10
1
33
12
24
21
23
12
30
24
0
2
31
26
26
9
21
15
24
9
8
26
26
17
17
2
27
27
4
11
12
6
1
4
11
6
11
26
34
12
6
8
34
35
11
24
6
4
14
31
22
25
22
23
29
9
9
36
36
2
14
0
13
6
8
27
17
18
16
16
26
13
30
2
7
4
4
13
6
29
15
8
13
32
36
13
30
23
32
23
23
26
9
23
28
20
36
10
27
19
27
24
32
23
32
19
31
34
33
30
18
32
0
9
11
13
24
7
30
25
36
2
27
28
35
24
2
18
12
30
4
13
9
30
15
11
16
26
13
11
19
12
13
13
25
4
16
16
2
21
21
34
15
3
11
11
24
6
34
18
14
19
25
30
12
8
14
19
14
23
14
26
11
7
16
6
24
23
23
35
22
27
21
21
17
1
19
33
24
16
21
1
10
13
32
21
21
34
34
19
9
9
34
3
20
24
25
35
15
12
12
2
25
11
30
1
19
6
12
0
22
23
12
12
32
9
32
34
30
8
21
9
9
24
0
3
20
23
23
36
1
7
31
27
33
7
7
27
24
20
13
24
5
21
9
16
8
32
11
17
15
4
5
36
36
12
12
9
22
5
24
22
6
14
2
26
3
8
26
26
4
6
26
29
3
34
19
17
8
24
31
0
9
1
10
3
10
11
24
13
19
3
19
21
9
33
21
4
4
13
9
34
5
5
9
5
33
16
9
28
27
19
8
8
4
15
15
3
1
15
24
19
18
5
7
26
25
24
24
16
29
10
32
12
2
20
17
33
7
7
34
23
13
29
33
24
24
12
7
11
9
3
14
13
34
32
28
19
13
8
31
8
10
29
33
24
24
22
14
20
8
0
28
17
28
18
18
7
33
4
12
26
5
32
1
33
1
0
30
16
10
28
10
33
34
34
34
11
6
7
31
36
14
0
28
17
10
1
32
14
7
22
17
26
30
16
3
26
23
34
34
23
3
15
36
12
29
4
0
18
21
21
36
36
18
10
15
16
3
27
28
27
13
16
8
22
19
32
28
28
11
11
26
26
32
11
20
13
12
12
1
13
13
29
32
21
6
5
7
3
14
31
9
9
17
18
22
23
33
5
21
18
6
11
3
33
30
6
8
30
21
22
21
24
33
30
13
28
13
2
4
25
12
10
34
12
12
9
14
9
19
25
25
24
14
10
21
22
36
4
28
36
7
9
4
28
16
14
1
14
32
5
21
9
31
29
2
0
28
35
36
16
32
15
13
5
14
29
3
21
17
22
30
8
16
22
16
31
24
10
14
15
27
15
24
2
0
0
12
25
26
18