23
8
8
8
17
16
31
4
10
8
16
25
29
35
25
25
7
35
35
4
17
28
21
22
9
11
23
15
26
7
1
2
25
11
9
13
21
24
12
10
36
15
36
8
18
14
26
2
20
21
14
35
10
2
23
28
28
32
32
7
12
5
10
15
34
34
9
10
22
0
12
35
28
36
18
12
28
6
26
17
36
9
9
15
8
36
28
31
12
36
4
4
16
27
36
15
1
14
5
0
33
19
15
17
28
28
3
12
12
24
1
26
3
0
10
10
18
18
18
0
0
21
30
24
24
20
9
33
4
7
23
2
1
31
27
17
24
33
21
11
30
29
6
33
11
3
33
33
28
20
33
31
7
7
30
28
12
35
25
32
2
12
20
18
0
6
3
1
9
15
34
31
23
23
13
13
8
24
33
14
5
11
36
29
29
1
7
7
31
12
24
24
10
10
11
11
3
22
28
9
8
19
19
31
1
6
22
21
3
30
16
28
36
7
7
19
3
33
5
4
4
16
20
24
6
26
23
0
28
36
8
2
6
0
5
1
5
11
16
13
15
7
35
1
8
15
0
23
17
20
31
5
6
7
7
27
19
16
28
32
17
17
5
20
1
34
13
13
7
10
15
9
4
18
25
29
30
16
28
22
32
28
12
30
8
6
17
9
28
16
10
0
15
31
18
17
32
15
15
34
31
31
7
7
12
11
10
18
13
28
28
8
11
14
12
12
27
23
8
4
6
10
22
0
17
8
22
8
8
5
13
21
21
14
31
22
21
5
22
2
13
13
36
3
18
21
15
35
14
5
17
10
4
28
3
16
23
32
10
6
18
35
15
22
20
32
33
34
24
30
14
32
25
33
24
10
7
13
36
3
28
15
31
31
19
6
7
17
17
32
27
11
8
28
9
11
31
2
25
31
30
