35
32
4
32
21
17
27
26
12
14
13
13
9
8
18
36
31
31
0
13
36
25
14
22
25
25
28
4
29
14
10
31
19
30
17
21
21
5
20
13
13
23
3
11
10
11
20
29
29
25
16
19
24
23
23
15
14
20
18
24
5
17
11
36
20
36
22
36
10
6
7
28
16
35
35
27
35
36
8
17
22
18
25
28
34
20
31
21
0
21
21
15
23
35
23
13
21
1
21
32
21
15
35
12
2
34
16
16
22
24
31
9
25
36
22
7
7
12
12
12
35
16
13
27
14
3
18
31
21
33
35
26
9
10
16
15
5
0
30
34
6
27
22
4
24
30
13
13
13
5
22
15
14
14
10
28
11
3
32
14
35
23
18
19
23
8
17
23
21
12
12
2
32
16
34
32
2
14
21
14
22
16
18
29
29
19
34
6
16
25
35
23
25
4
32
10
19
19
11
33
26
12
34
24
15
35
35
27
15
24
16
28
20
13
30
22
10
2
27
3
1
5
7
9
31
1
23
24
29
29
33
25
29
29
11
20
14
23
10
19
10
33
14
35
4
15
36
20
4
4
22
17
26
14
32
25
19
29
23
11
29
26
21
22
19
1
3
25
25
21
28
32
3
26
3
1
24
31
15
16
34
7
6
27
21
28
1
5
7
17
27
27
6
2
2
26
15
6
35
29
33
19
23
13
15
1
26
18
16
34
13
16
16
26
31
17
4
31
7
9
5
2
0
21
22
21
2
23
13
4
30
27
6
27
29
29
6
19
35
14
28
3
2
8
1
9
9
9
33
20
9
16
36
2
12
29
13
29
2
24
0
7
15
16
13
7
35
25
33
34
14
23
23
19
32
25
31
35
1
21
29
26
10
10
1
24
24
6
17
19
27
2
32
29
15
13
0
19
29
29
11
11
10
33
8
26
