35
22
27
27
6
11
24
21
33
18
10
10
21
6
13
17
15
4
29
29
0
25
36
19
26
14
14
12
15
30
6
22
24
19
34
6
15
19
1
29
16
12
17
6
19
16
34
35
10
13
20
35
35
2
29
36
4
1
12
16
26
27
9
18
18
26
6
25
19
31
18
31
28
28
22
35
25
25
13
13
31
23
31
29
27
22
28
34
35
19
3
10
17
17
8
30
36
36
3
14
31
4
4
28
3
5
19
26
26
32
2
18
29
11
6
24
28
36
34
22
0
17
20
2
11
17
25
26
25
2
16
11
32
17
17
19
6
29
23
29
23
1
8
8
8
8
8
8
8
8
21
29
35
30
1
19
33
8
34
21
5
32
9
32
23
29
29
12
12
28
28
18
16
18
23
23
26
29
29
19
19
0
29
6
31
6
10
26
18
31
31
24
24
24
11
21
21
0
5
9
30
20
11
25
34
34
1
32
25
26
6
5
17
35
35
2
28
16
36
22
20
24
33
10
18
9
28
7
14
22
17
31
1
18
8
4
2
9
8
36
36
30
7
3
30
31
16
4
0
26
26
8
26
18
11
36
3
16
12
34
14
12
1
22
29
19
22
0
21
24
24
27
3
5
2
13
33
32
35
35
15
25
21
4
35
22
6
14
5
18
22
14
6
11
1
26
22
28
31
5
0
11
26
24
24
32
15
36
5
2
16
15
32
36
8
11
11
24
29
14
26
35
6
3
32
18
10
14
29
29
6
6
18
17
3
4
28
16
11
11
7
16
26
26
34
29
21
23
17
2
4
9
7
13
24
14
21
1
24
10
10
1
32
34
14
4
12
24
19
14
9
13
20
14
35
20
28
5
14
6
25
2
5
28
20
6
9
9
27
33
8
0
30
6
36
14
6
17
22
6
22
8
8
26
35
6
25
24
28
13
32
25
13
20
11
35
29
13
20
4
16
5
32
4
17