27
9
16
21
18
23
9
12
12
10
23
3
2
23
17
17
16
11
11
3
10
6
8
29
29
8
17
17
10
15
3
16
3
19
10
13
23
28
5
17
17
30
23
32
25
32
33
14
30
20
5
3
36
22
4
14
2
8
22
28
8
33
3
10
10
15
23
11
11
34
9
9
18
22
10
10
11
11
30
1
26
14
17
6
35
25
35
35
27
8
35
0
10
3
11
35
5
33
23
22
0
3
36
29
14
34
31
31
28
5
25
15
7
2
2
31
25
28
16
16
29
32
20
3
25
25
25
0
9
1
21
31
20
27
17
4
4
35
1
9
26
16
11
28
15
35
16
1
35
17
11
1
25
0
14
36
4
6
4
19
3
14
5
3
25
1
8
30
17
36
18
11
11
20
3
29
27
5
11
28
20
7
0
18
11
32
28
23
28
16
25
32
0
16
22
34
9
7
7
20
10
0
1
35
24
22
2
3
17
21
8
7
7
5
24
11
9
26
26
35
24
10
10
15
11
0
5
32
9
9
32
23
15
14
29
11
11
34
20
33
22
34
3
28
35
15
28
32
30
34
22
20
17
30
13
9
15
29
23
23
23
25
25
15
31
25
25
8
1
21
4
17
16
16
19
8
19
10
18
2
16
21
15
7
7
35
20
3
17
29
7
9
21
10
18
5
32
33
11
21
31
13
12
12
31
2
8
4
1
0
26
15
13
13
30
5
35
31
23
23
13
13
10
5
7
26
21
1
9
30
3
25
5
0
18
35
35
23
19
33
28
28
22
21
21
21
2
30
14
25
32
11
32
24
36
10
13
14
31
33
33
7
16
34
33
27
7
12
29
27
2
31
31
14
15
23
16
10
15
6
7
7
17
26
23
29
24
27
15
5
24
33
0
10
3
25
6
28
25
25
26
18
18
