35
11
24
6
4
14
31
22
25
22
23
29
9
9
36
36
2
14
0
13
6
8
27
17
18
16
16
26
13
30
2
7
4
4
13
6
29
15
8
13
32
36
13
30
23
32
23
23
26
9
23
28
20
36
10
27
19
27
24
32
23
32
19
31
34
33
30
18
32
0
9
11
13
24
7
30
25
36
2
27
28
35
24
2
18
12
30
4
13
9
30
15
11
16
26
13
11
19
12
13
13
25
4
16
16
2
21
21
34
15
3
11
11
24
6
34
18
14
19
25
30
12
8
14
19
14
23
14
26
11
7
16
6
24
23
23
35
22
27
21
21
17
1
19
33
24
16
21
1
10
13
32
21
21
34
34
19
9
9
34
3
20
24
25
35
15
12
12
2
25
11
30
1
19
6
12
0
22
23
12
12
32
9
32
34
30
8
21
9
9
24
0
3
20
23
23
36
1
7
31
27
33
7
7
27
24
20
13
24
5
21
9
16
8
32
11
17
15
4
5
36
36
12
12
9
22
5
24
22
6
14
2
26
3
8
26
26
4
6
26
29
3
34
19
17
8
24
31
0
9
1
10
3
10
11
24
13
19
3
19
21
9
33
21
4
4
13
9
34
5
5
9
5
33
16
9
28
27
19
8
8
4
15
15
3
1
15
24
19
18
5
7
26
25
24
24
16
29
10
32
12
2
20
17
33
7
7
34
23
13
29
33
24
24
12
7
11
9
3
14
13
34
32
28
19
13
8
31
8
10
29
33
24
24
22
14
20
8
0
28
17
28
18
18
7
33
4
12
26
5
32
1
33
1
0
30
16
10
28
10
33
34
34
34
11
6
7
31
36
14
0
28
17
10
1
32
14
7
22
17
26
30
16
3
26
23
34
34
23
3
15
36
12
29
4
0
18
21
21
36
36
18
10
15
16
3
27
28
27
13
16
8
22
19
32
28
28
11
11
26
26
32
11
20
13
12
12
1
13
13
29
32
21
6
5
7
3
14
31
9
9
17
18
22
23
33
5
21
18
6
11
3
33
30
6
8
30
21
22
21
24
33
30
13
28
13
2
4
25
12
10
34
12
12
9
14
9
19
25
25
24
14
10
21
22
36
4
28
36
7
9
4
28
16
14
1
14
32
5
21
9
31
29
2
0
28
35
36
16
32
15
13
5
14
29
3
21
17
22
30
8
16
22
16
31
24
10
14
15
27
15
24
2
0
0
12
25
26
18