10
24
7
7
11
20
23
8
16
33
28
0
4
5
28
22
0
28
28
20
33
5
30
23
17
7
36
26
30
25
11
20
0
14
8
3
7
7
31
15
33
6
12
1
19
27
33
14
3
2
25
21
21
1
21
26
19
14
25
12
18
26
23
2
6
35
19
14
20
19
9
13
8
8
20
18
23
12
10
15
19
12
32
21
36
6
25
25
25
35
35
30
19
29
18
26
13
10
18
22
9
18
29
27
15
17
32
13
13
2
4
1
13
13
13
14
0
21
14
2
10
20
15
17
20
9
21
27
27
4
7
1
6
24
10
20
17
8
8
31
15
11
3
32
5
3
23
7
14
14
4
25
28
35
23
15
33
5
16
20
22
17
0
31
31
26
16
16
26
14
27
19
19
27
34
28
28
28
29
23
17
17
21
25
25
30
29
2
15
4
28
18
18
20
8
6
2
8
1
12
1
15
33
34
36
36
29
22
27
29
3
7
29
36
1
20
36
20
18
5
21
21
2
3
1
28
32
31
3
36
2
17
31
31
4
23
8
9
35
2
31
8
35
8
19
21
3
2
6
18
34
20
25
33
10
33
14
25
5
18
14
20
23
31
25
35
3
24
35
18
30
11
16
0
25
10
8
35
26
11
32
25
25
28
3
29
7
25
22
34
22
24
12
1
22
11
30
14
1
24
25
9
5
28
6
17
32
32
6
29
32
7
5
27
27
21
31
31
36
0
35
26
12
36
29
14
14
3
32
32
30
28
27
12
1
34
9
5
31
17
16
13
25
17
15
6
7
15
35
25
35
32
23
12
12
8
30
25
22
15
11
2
18
28
10
6
29
13
22
2
9
27
9
5
29
29
34
9
3
16
17
17
27
33
33
30
22
3
29
27
20
2
17
34
20
30
25
7
11
4
