2
35
5
16
22
13
0
32
22
8
16
8
14
13
4
13
13
12
28
21
18
28
33
17
29
14
34
19
21
2
10
15
35
16
10
28
30
12
23
22
27
20
9
34
4
4
25
18
16
15
29
4
34
15
12
10
10
29
28
28
20
25
1
17
12
29
29
5
22
36
2
29
14
22
35
5
21
21
6
29
7
18
10
10
11
27
26
31
11
13
35
35
35
24
23
32
21
5
10
28
27
26
19
28
1
15
1
27
33
25
13
0
3
29
15
27
16
11
22
15
26
32
20
0
20
10
15
26
8
8
15
1
28
23
30
17
2
32
36
34
2
30
31
11
7
22
18
21
20
16
20
35
13
4
33
20
36
15
29
32
27
9
32
21
33
5
20
8
32
2
21
10
20
11
9
34
10
18
32
12
5
13
26
33
28
28
27
24
20
24
29
30
13
6
10
27
20
13
13
35
28
22
23
1
31
31
26
2
11
21
34
30
26
20
29
33
11
5
10
17
28
5
10
26
32
33
9
9
34
25
23
16
34
24
24
19
2
5
30
0
10
17
8
12
18
11
10
21
4
10
1
35
11
16
4
18
9
8
26
29
7
33
23
23
1
28
22
14
25
14
2
17
24
35
27
20
14
5
35
8
13
13
27
27
0
13
8
12
12
33
26
31
12
12
7
13
11
0
19
19
6
0
20
2
34
9
28
15
3
29
35
20
7
27
0
10
3
5
8
29
30
29
33
18
11
21
25
1
14
11
31
25
3
7
4
20
3
8
18
18
9
27
6
21
19
19
12
7
34
10
16
34
8
9
9
21
21
20
36
4
6
28
28
1
17
23
15
4
4
35
19
4
28
31
15
5
17
7
32
3
14
30
7
16
22
29
10
10
1
33
12
24
21
23
12
30
24
0
2
31
26
26
9
21
15
24
9
8
26
26
17
17
2
27
27
4
11
12
6
1
4
11
6
11
26
34
12
6
8
34