12
11
7
5
0
23
23
22
23
23
6
30
3
32
15
1
25
4
20
35
32
28
33
3
31
31
1
27
7
7
31
34
4
4
11
24
21
29
20
15
8
14
9
6
15
30
1
10
18
13
19
17
13
24
6
12
13
21
18
25
26
7
19
15
18
18
11
11
10
27
12
30
6
23
9
25
11
6
11
5
33
32
2
4
30
23
23
1
22
14
29
35
29
30
13
5
21
0
33
31
18
20
9
7
3
0
25
20
5
9
6
6
27
4
28
33
28
1
26
26
36
34
22
14
14
6
25
5
25
17
17
18
32
33
35
20
4
26
26
15
10
10
4
16
16
12
25
6
13
4
2
2
36
23
23
20
20
14
11
6
24
6
28
28
17
17
1
15
17
33
33
17
24
7
31
25
14
3
11
5
15
17
10
4
30
16
16
7
26
29
35
3
25
34
2
2
5
17
8
34
22
16
32
27
11
24
21
25
12
28
7
7
6
21
26
13
13
7
11
6
19
11
11
23
15
18
2
20
10
18
21
29
19
11
5
14
7
12
23
15
20
31
17
19
13
35
35
18
18
15
1
2
32
14
32
5
32
17
22
15
19
16
20
27
32
5
23
24
2
22
5
10
5
24
0
2
13
32
32
21
22
24
31
1
18
18
22
24
24
3
1
13
28
35
29
19
34
25
0
25
9
12
31
31
12
11
34
35
34
36
25
25
28
19
11
5
14
5
4
21
13
26
26
32
4
34
2
8
34
7
34
8
23
23
19
19
4
33
3
21
33
16
22
3
1
36
12
14
11
36
5
8
12
29
31
6
25
10
27
16
31
19
26
13
3
20
22
14
22
22
24
19
7
7
36
35
9
17
21
11
11
1
32
3
32
18
5
32
22
9
5
17
17
11
5
3
12
12
6
30
26
26
