31
31
29
1
21
27
28
4
33
2
0
32
34
4
9
21
26
17
14
19
30
31
10
21
18
16
17
30
11
4
2
20
23
11
5
7
24
23
11
16
17
2
14
13
20
3
18
29
1
32
32
27
28
9
19
27
27
20
16
34
34
7
11
36
7
15
16
36
36
17
3
2
23
3
6
4
0
30
3
17
28
5
21
5
19
31
23
29
8
19
30
6
34
6
28
18
31
34
3
2
17
17
28
22
22
34
19
18
6
5
4
3
14
22
26
26
2
11
7
16
15
13
5
30
8
17
35
18
6
36
36
35
20
34
26
23
32
12
31
25
27
27
19
34
0
7
7
10
12
15
15
31
33
11
34
9
10
36
36
24
35
27
35
13
1
13
0
13
35
8
35
27
13
21
21
9
25
8
21
32
3
9
4
2
12
3
23
31
34
17
36
33
24
24
33
35
25
1
15
25
14
9
10
29
29
17
10
4
16
20
4
12
19
0
20
29
19
16
29
1
21
10
23
5
28
19
29
22
15
27
32
35
25
0
15
32
12
25
25
34
10
26
6
6
36
0
6
21
29
29
17
17
8
20
33
30
16
8
3
34
16
16
6
6
17
36
8
29
1
19
10
5
36
36
35
35
25
0
17
10
25
17
17
12
2
27
22
24
27
0
32
13
34
33
30
21
29
29
15
35
36
36
34
19
22
21
21
34
27
2
15
35
35
29
29
4
30
6
35
18
2
17
19
19
18
18
18
4
9
16
34
30
25
23
30
6
34
16
26
33
12
14
17
36
17
9
22
17
15
13
16
10
10
32
23
3
20
20
21
30
34
29
24
31
8
2
35
14
0
11
11
7
9
16
29
6
17
17
9
30
25
20
16
0
27
29
29
26
35
27
13
13
17
22
22
12
15
12
12
12
18
20
31
