32
14
8
34
17
25
1
19
32
34
8
30
34
6
10
2
8
22
1
29
14
6
24
20
20
10
32
28
17
6
32
32
16
16
17
16
11
9
23
23
33
7
21
8
29
22
15
16
18
3
17
28
0
16
33
36
4
22
10
10
28
28
8
10
23
24
22
28
5
16
16
7
33
36
28
26
3
13
4
18
22
31
28
28
3
12
28
36
18
17
22
27
4
4
31
31
33
26
21
21
33
9
17
14
5
8
12
11
21
17
4
33
6
10
9
28
3
36
33
16
12
34
4
19
4
24
24
9
14
20
26
26
16
15
9
17
13
33
11
7
13
19
2
15
4
13
8
27
9
15
26
32
25
17
26
17
19
1
16
2
2
31
12
27
27
29
20
4
16
21
32
35
17
21
26
34
29
36
22
19
13
13
33
6
12
12
12
5
3
17
4
28
34
32
35
16
16
14
12
34
9
35
13
34
33
29
29
29
20
1
31
25
16
11
11
26
35
35
28
27
27
2
14
24
26
22
7
10
28
28
19
11
11
6
33
26
30
22
19
20
5
22
19
17
29
31
31
10
5
7
31
23
23
27
27
27
15
22
22
26
1
5
21
21
16
27
24
17
17
11
27
30
34
36
12
16
29
20
18
18
26
4
20
4
2
20
16
36
6
31
21
11
11
26
31
33
25
4
17
17
36
22
13
17
5
13
34
16
20
31
13
17
36
19
32
20
26
21
11
27
2
18
18
22
13
23
35
25
1
4
8
9
18
13
13
28
23
32
10
10
8
21
24
26
1
18
32
23
3
4
33
17
15
16
16
8
33
4
4
13
31
8
13
15
21
21
31
20
2
20
1
16
1
2
15
5
27
24
13
13
27
36
5
30
31
23
23
32
31
8
25
25
22
9
13
0
27
