23
0
24
25
20
6
33
21
31
14
30
32
0
26
26
16
22
32
30
35
1
12
4
20
24
13
18
1
16
16
1
5
19
14
15
25
29
20
30
7
1
10
2
2
35
15
20
4
15
25
33
8
35
10
12
24
25
23
22
33
26
1
17
33
32
4
12
22
31
18
24
15
9
17
4
25
6
17
12
0
28
13
13
33
12
30
11
31
31
25
32
1
30
20
32
6
19
25
16
3
4
17
22
8
32
0
28
28
28
32
4
22
23
31
31
13
5
6
23
31
30
29
1
0
21
5
21
26
5
10
10
6
26
29
30
11
19
8
8
6
0
25
10
35
17
26
16
16
20
1
17
27
26
35
4
24
9
27
18
8
7
26
26
14
2
17
1
22
31
0
6
1
30
13
2
13
27
30
2
1
9
19
8
29
7
20
9
13
10
36
12
0
16
3
36
15
10
10
6
3
35
27
27
30
4
7
19
25
12
10
17
22
35
27
24
14
32
22
7
30
8
22
7
28
14
23
16
28
8
15
36
0
11
10
4
34
32
2
35
33
30
9
35
18
18
26
26
5
33
9
15
31
9
23
22
29
0
25
35
18
24
16
33
4
21
19
36
36
23
23
9
9
8
7
9
25
20
0
8
32
30
5
1
26
18
8
2
32
30
13
7
27
17
24
19
3
28
21
12
31
12
33
20
11
6
12
12
26
31
13
6
25
10
10
31
11
31
2
0
8
30
31
28
29
31
33
16
30
7
31
14
24
30
13
6
32
35
5
35
14
7
33
24
24
3
2
23
24
25
10
34
20
22
32
30
19
19
7
13
17
9
9
29
15
24
8
27
5
17
0
15
18
4
4
16
34
29
30
8
33
33
29
10
10
11
4
2
28
0
17
15
18
20
9
23
