0
10
10
29
28
33
30
29
29
33
20
28
6
24
15
6
13
13
8
8
18
28
36
11
16
31
20
15
28
19
15
26
19
14
28
15
18
18
15
16
3
26
35
6
28
8
29
13
22
18
24
26
34
13
19
23
14
36
5
22
16
22
20
5
14
20
7
7
25
22
33
32
31
14
15
2
29
0
18
24
36
2
28
10
0
6
9
9
16
3
12
36
32
9
27
29
21
22
6
16
16
26
18
3
34
0
17
14
6
15
34
30
35
24
13
12
9
18
6
29
34
28
28
30
34
17
25
29
3
20
27
29
3
8
0
4
4
24
24
21
16
16
28
9
24
28
3
30
23
26
4
25
21
13
31
27
24
35
27
30
15
19
25
35
15
31
11
23
13
23
22
30
27
19
19
20
8
2
2
1
16
23
28
18
25
2
5
9
30
7
4
7
4
33
16
9
22
14
15
19
29
20
33
10
17
20
2
31
31
1
33
3
25
36
11
36
13
0
32
13
36
7
15
17
20
16
29
32
25
9
14
2
17
33
28
31
10
0
23
1
34
6
21
20
27
10
17
35
35
12
7
30
11
1
1
14
15
5
20
6
16
15
15
25
25
25
27
32
33
1
35
31
31
34
5
36
0
2
15
1
33
28
23
33
11
11
20
31
6
12
2
33
2
24
2
36
19
6
4
0
6
8
0
32
12
18
8
8
13
9
16
25
32
1
3
14
17
31
32
30
31
20
17
16
33
4
22
13
33
19
30
24
29
30
31
22
12
26
24
5
23
11
23
23
15
30
16
26
13
2
11
23
23
22
19
0
28
32
18
17
28
20
28
28
1
1
25
25
8
8
28
5
5
17
9
1
19
32
27
9
10
17
12
9
9
34
19
24
24
20
10
11
4
25
26
11
33
34
34
