31
29
16
16
4
27
27
12
21
32
33
3
0
25
25
8
7
7
5
34
23
13
6
17
8
20
24
27
35
5
28
30
22
6
14
29
18
35
0
22
22
15
29
24
21
21
26
5
9
3
12
31
10
11
34
31
31
29
36
36
16
20
34
29
29
17
24
29
18
25
9
14
26
15
9
11
17
17
21
33
32
28
17
32
35
20
20
30
3
20
22
29
12
32
30
1
23
24
22
4
7
18
22
1
23
11
29
3
18
18
8
10
4
19
20
31
31
5
12
32
21
11
28
28
20
36
29
24
2
20
25
9
17
3
24
24
36
11
17
17
20
7
34
4
34
27
4
17
11
3
25
17
18
18
29
16
28
1
28
17
25
25
11
15
7
11
3
15
6
34
23
23
7
16
4
33
20
16
4
7
8
26
0
8
11
26
19
23
34
12
29
36
29
29
32
3
0
26
25
24
8
20
4
1
31
36
8
25
21
21
31
35
22
33
20
35
3
2
6
7
0
4
34
21
21
1
25
12
12
21
20
28
28
16
28
28
0
32
30
23
9
34
15
28
19
0
2
21
9
9
5
14
7
7
32
23
13
35
13
35
1
0
12
14
10
11
5
16
11
26
23
26
26
30
9
33
35
16
19
25
2
18
32
31
32
24
2
4
4
4
36
16
33
5
33
17
17
15
15
16
28
31
1
12
12
31
33
2
29
31
7
11
36
1
12
25
32
35
10
29
2
8
5
31
28
10
19
4
19
18
29
29
20
18
23
34
22
11
26
26
19
18
12
7
7
1
34
14
26
1
3
16
16
35
35
11
0
6
25
10
5
17
23
28
11
29
11
11
29
24
34
27
13
13
1
20
23
23
6
2
30
22
1
0
11
21
16
16
15
15
2
8
35
35
2
17
29
28
27
33
21
7
27
28
