29
3
24
5
16
19
30
24
1
0
33
2
28
20
29
18
10
26
7
23
29
5
31
29
11
7
35
24
34
25
13
20
10
6
31
22
2
9
12
26
14
34
4
1
25
27
8
10
8
3
28
2
13
18
14
11
12
36
10
7
21
32
24
14
32
13
10
15
30
8
18
36
19
16
6
17
20
8
1
3
22
21
29
29
9
4
10
32
0
23
23
3
36
35
35
15
4
19
2
12
0
36
20
22
22
3
34
6
33
7
24
10
14
30
30
4
24
31
10
26
22
24
24
2
28
0
33
23
24
30
34
3
26
36
34
15
12
14
28
4
24
32
22
26
27
3
6
33
14
35
1
10
30
30
19
2
7
7
2
14
35
12
12
15
22
14
31
8
14
19
9
36
0
26
34
25
25
7
20
7
17
14
10
10
31
31
19
36
12
26
15
36
24
14
26
23
22
22
0
16
35
2
35
4
17
33
35
18
35
12
33
26
9
9
36
17
18
12
25
34
10
10
0
33
31
21
0
4
35
6
29
9
7
26
20
17
5
6
35
4
4
28
15
26
5
3
13
29
23
23
19
22
29
24
24
13
14
3
29
22
21
18
18
28
2
0
18
13
33
15
22
9
7
5
5
30
26
13
13
7
7
6
20
10
10
32
35
35
23
22
18
2
12
6
34
33
33
22
18
17
17
22
29
8
22
27
36
12
10
31
11
33
8
26
28
28
6
5
28
10
23
24
11
3
2
2
23
21
17
5
1
19
19
9
33
2
10
18
13
35
9
22
8
2
24
15
29
20
16
36
33
33
14
17
12
18
13
19
2
9
21
21
26
24
6
24
5
11
10
0
10
34
13
2
34
30
1
11
23
28
26
27
30
12
12
25
27
15
23
10
17
14
29
33
7
35
4
21
32
8
27
10
