8
4
1
13
5
10
33
13
1
4
21
22
4
4
13
22
22
24
24
26
15
4
31
21
12
34
23
7
18
19
2
17
15
25
25
25
9
9
15
35
0
28
21
28
21
21
13
7
7
20
30
22
1
31
31
36
11
0
28
11
13
25
29
27
33
16
9
9
30
33
19
33
21
32
23
32
6
26
29
8
8
29
5
1
32
34
10
27
35
18
10
31
23
20
11
17
10
22
24
0
10
17
22
9
35
9
26
5
22
17
29
20
4
8
15
1
20
13
20
0
33
15
20
4
23
6
14
12
2
34
23
22
30
6
36
24
24
16
10
10
33
34
9
14
5
21
10
26
4
27
32
9
18
22
19
21
0
22
34
15
15
0
16
5
16
33
14
5
14
14
13
9
23
27
27
8
17
2
26
19
26
20
34
5
18
0
26
5
29
3
19
19
17
11
13
13
33
6
10
29
0
10
22
26
34
14
13
7
27
11
17
30
31
34
34
31
32
2
20
24
30
21
24
17
17
14
25
17
35
24
19
17
32
13
13
25
25
25
25
34
0
18
25
9
18
29
32
3
9
9
7
35
29
26
30
6
9
9
0
20
9
10
9
30
14
1
32
7
16
34
25
19
5
8
12
5
31
19
34
35
30
16
36
14
6
11
28
2
35
4
13
32
32
35
33
6
28
12
3
24
3
30
30
25
19
20
21
25
29
29
7
3
18
18
5
31
1
35
5
4
0
22
15
9
22
20
20
4
34
5
3
5
6
23
3
1
2
10
35
20
34
11
11
35
11
9
22
20
36
2
26
9
8
4
6
12
12
31
31
14
27
0
0
23
22
17
30
28
28
24
24
2
13
23
7
31
32
28
28
8
20
7
28
8
25
21
8
30
31
20
28
9
5
9
13
26
26
