31
27
3
24
9
3
1
36
25
9
6
22
14
23
36
13
25
15
17
6
21
26
0
15
16
25
1
31
31
6
7
12
35
12
35
20
0
2
2
28
28
24
24
36
13
2
18
6
20
14
12
27
17
16
16
28
14
15
30
35
35
11
8
16
13
13
29
30
4
28
31
23
23
11
29
17
35
35
29
20
5
24
26
19
18
2
7
4
14
29
1
2
18
36
9
20
20
14
9
2
31
31
30
12
3
27
23
27
24
26
11
23
17
3
12
12
28
35
30
24
23
21
8
25
16
3
33
22
14
20
4
36
19
5
14
24
0
5
0
19
35
31
11
11
7
23
5
32
9
9
33
30
3
0
5
27
25
16
16
4
35
26
27
6
17
6
6
12
33
20
15
33
20
4
25
11
8
13
13
36
30
36
23
30
26
26
6
35
26
26
34
0
19
26
0
3
25
34
1
21
12
16
16
17
11
12
0
29
20
36
29
9
10
21
32
25
9
26
15
26
26
8
32
20
2
3
27
17
22
17
33
24
30
24
24
23
29
31
13
3
13
23
15
16
25
25
18
36
23
16
16
35
35
34
27
17
32
22
8
32
15
36
2
11
19
1
6
15
29
13
11
11
1
34
14
32
26
0
12
10
35
36
36
23
32
31
25
14
21
17
4
1
15
14
12
33
29
35
19
20
19
10
21
3
7
36
32
33
15
2
12
18
28
25
35
35
5
3
19
33
9
0
36
14
36
32
3
30
30
15
12
30
30
8
32
25
25
17
23
11
13
13
13
13
8
19
16
34
23
8
20
34
26
36
25
24
10
25
9
4
35
17
19
5
8
20
3
12
5
2
3
15
7
21
3
11
34
3
27
27
9
9
9
5
14
16
22
25
24
17
2
1
23
11
11
1
25
