19
9
34
27
20
2
32
4
11
12
17
20
19
17
33
24
22
4
36
36
14
27
34
14
26
22
14
30
12
4
1
30
4
29
35
7
34
14
14
35
20
29
28
20
8
13
4
4
32
18
27
27
0
15
21
21
21
23
23
23
34
34
29
29
20
8
7
12
33
29
33
21
27
34
33
3
28
36
36
8
35
14
27
3
27
7
26
27
31
1
3
6
30
19
11
24
7
23
12
8
13
18
2
32
12
10
10
10
25
32
0
32
22
29
29
35
36
29
14
13
1
30
11
6
31
13
34
34
0
24
34
18
5
7
24
5
35
23
6
33
14
16
24
22
15
28
15
7
26
12
18
28
23
17
17
8
1
18
32
1
24
24
5
30
13
13
7
29
28
26
2
32
14
16
22
7
14
7
21
32
33
1
30
4
1
20
28
13
15
21
3
4
9
11
11
15
15
36
5
8
15
25
31
24
17
8
5
35
35
31
2
31
18
20
10
9
16
27
19
21
17
36
28
6
33
19
19
19
18
24
27
11
14
34
22
5
8
8
16
28
18
22
10
3
10
13
17
25
18
0
29
16
29
18
22
18
15
21
15
21
13
13
13
25
20
0
8
28
34
18
29
29
33
14
33
6
12
1
5
32
27
24
24
33
32
10
17
17
21
8
3
27
19
14
10
31
13
13
10
12
11
25
25
26
24
16
15
8
20
15
5
13
21
25
25
9
20
36
27
27
32
34
2
0
15
35
26
5
7
2
29
22
19
32
28
31
24
31
31
13
6
2
15
21
33
15
32
35
3
28
32
36
10
21
9
27
19
3
17
15
20
17
3
12
7
7
6
19
22
25
36
15
13
22
20
20
16
18
3
3
22
5
3
7
3
8
13
21
2
1
14
0
21
24
4
24
21
5
11
23
