19
14
4
20
7
4
16
17
19
32
0
3
21
21
33
32
27
32
24
29
25
30
23
23
7
26
18
28
27
35
35
29
9
20
6
4
10
33
8
34
24
29
31
7
0
4
24
4
6
35
29
13
36
12
12
12
33
23
12
17
20
3
2
17
36
4
32
25
18
22
29
1
3
31
18
18
15
5
24
25
11
8
18
5
34
11
11
19
34
32
34
19
9
17
35
32
19
2
17
22
2
19
35
23
25
5
16
3
14
11
27
30
23
4
19
36
31
33
3
3
32
24
12
19
21
21
0
3
25
30
6
35
24
13
26
11
26
3
30
33
3
12
21
28
28
32
6
1
34
1
18
34
35
17
35
35
17
25
4
12
13
25
25
23
6
18
9
9
26
9
9
15
1
0
2
7
34
3
10
5
1
31
27
5
8
23
23
17
28
7
24
24
32
27
21
21
25
26
11
11
31
27
32
22
0
5
34
22
22
3
2
26
15
9
5
8
27
8
23
22
7
32
26
5
14
6
35
25
33
23
21
26
26
10
10
12
34
31
0
31
16
11
5
2
10
31
14
30
22
7
4
25
32
30
2
36
6
19
17
16
17
21
32
17
15
34
0
8
18
19
30
7
7
33
36
9
28
9
33
20
11
11
19
26
20
6
5
20
24
27
24
14
4
0
9
34
8
25
17
24
22
1
24
32
22
5
9
9
12
19
1
3
27
2
9
15
14
2
30
1
35
28
28
22
15
4
10
0
8
12
12
4
20
33
11
22
33
9
24
16
31
9
30
20
11
11
16
23
1
27
13
26
19
22
22
15
18
27
26
22
1
5
14
13
27
27
25
17
26
14
8
27
34
2
16
2
17
32
4
35
1
36
1
27
27
27
20
30
15
15
14
14
25
25
0
18
11
24
35
35
33
