15
36
11
11
3
1
20
34
16
16
1
14
30
1
28
15
17
0
33
19
11
6
7
25
25
28
35
14
18
8
12
1
34
16
3
31
9
26
27
4
29
1
4
4
26
36
23
23
5
1
25
12
17
11
2
16
4
18
30
4
32
10
2
30
10
9
18
22
3
5
34
35
4
34
20
1
22
36
16
11
12
34
26
26
4
15
5
18
27
36
36
28
32
31
3
35
12
6
28
8
31
22
18
35
29
29
18
27
27
23
23
1
31
18
9
35
32
15
20
15
7
31
31
7
7
19
5
1
11
10
10
30
1
31
34
29
0
8
13
1
11
14
25
2
18
6
25
32
8
27
6
5
15
26
13
34
3
14
33
12
22
9
9
13
29
22
6
31
22
3
25
5
32
22
27
20
35
2
11
22
6
23
1
15
36
5
14
18
36
21
5
6
14
18
25
21
18
9
2
28
21
20
28
28
31
31
23
23
28
4
12
12
7
7
13
8
1
6
27
34
0
13
34
3
2
16
11
18
33
15
28
8
5
19
0
28
31
10
33
25
20
13
17
7
30
2
20
18
15
35
19
22
6
11
11
19
6
21
32
5
1
23
16
13
14
1
17
17
32
2
10
31
21
13
13
20
31
0
34
34
21
8
11
30
7
30
4
1
21
15
26
34
26
26
33
8
35
34
1
3
16
15
3
12
12
33
15
26
14
12
32
32
20
32
3
16
9
36
36
10
23
1
22
16
30
13
7
16
16
31
17
34
24
0
3
17
33
13
35
14
3
7
7
12
12
13
19
6
5
26
6
34
11
34
12
12
12
12
16
35
27
31
18
13
13
22
19
35
3
9
16
25
2
30
32
14
18
10
10
30
10
20
22
32
5
17
8
2
15
10
0
34
26
24
3
0
17
17
27
12
24
6
21
