16
12
12
13
34
30
32
21
18
22
2
2
19
13
29
34
30
34
11
29
3
8
17
3
27
22
11
23
18
22
5
30
31
22
20
11
2
14
28
23
18
4
9
9
28
28
2
21
34
34
20
27
31
25
35
35
23
23
20
16
10
16
28
15
27
36
5
34
18
13
20
18
33
24
19
4
27
2
13
16
4
23
31
29
23
6
35
0
7
26
26
32
1
35
29
16
22
35
10
25
23
31
36
10
8
1
0
22
3
10
36
29
27
13
2
32
13
7
11
16
33
3
23
36
32
7
30
8
1
36
36
34
26
11
7
32
11
5
28
4
33
28
5
36
1
1
24
22
6
30
18
1
10
19
14
21
16
16
11
11
0
14
11
29
30
33
33
6
30
25
35
8
14
0
17
13
19
7
12
15
20
14
2
17
4
13
29
29
23
14
15
26
6
27
19
26
0
16
25
12
23
29
13
13
17
23
34
20
23
2
27
14
23
4
26
12
12
30
14
35
6
18
18
32
11
31
1
9
15
20
11
35
35
5
5
18
36
32
25
13
30
6
11
11
32
33
28
28
32
23
12
5
22
1
17
15
28
17
12
26
31
31
9
32
4
4
14
13
23
13
11
12
1
34
7
26
10
35
12
12
4
32
33
26
17
26
26
21
21
29
14
14
12
0
22
16
14
18
27
18
18
28
7
18
5
4
24
33
4
11
3
30
31
19
12
2
29
12
24
30
28
9
36
9
16
14
34
3
27
25
25
11
7
34
0
6
23
33
13
19
31
34
0
16
14
17
25
10
14
34
28
28
20
13
5
21
0
5
36
25
20
27
36
18
28
28
20
36
26
26
5
8
35
29
29
7
9
7
24
24
12
12
12
26
9
35
35
18
27
18
13
11
19
12
14
24
18
20
5
3
20
3
26
