17
23
0
35
35
34
17
25
11
18
28
6
19
3
24
28
30
15
20
15
1
32
3
27
28
28
5
8
36
28
28
3
19
15
14
16
2
15
3
31
31
18
34
15
9
29
4
27
27
35
24
9
22
34
17
29
3
0
32
20
24
23
8
9
30
1
32
35
5
0
35
8
10
5
30
18
31
28
27
27
15
15
18
15
33
7
25
12
4
11
20
3
27
19
0
23
23
19
10
3
0
33
4
35
32
12
36
36
36
7
20
6
4
29
10
6
12
12
19
32
14
11
5
18
18
32
8
22
0
26
5
15
1
23
9
9
9
20
33
9
28
5
8
28
8
25
25
21
29
27
5
8
34
15
22
35
1
21
36
6
29
9
24
27
36
9
28
22
29
29
17
1
10
22
22
36
2
14
25
35
31
35
14
27
27
20
0
11
31
31
10
22
7
7
28
16
24
5
29
14
4
3
16
32
7
10
22
9
16
13
13
15
13
19
15
18
15
28
5
16
27
27
27
2
15
20
23
16
15
4
2
18
14
19
35
24
17
15
33
20
4
8
4
34
4
23
32
8
29
16
12
13
29
23
23
31
10
19
22
18
34
34
31
13
21
22
22
26
10
10
29
17
24
21
21
21
5
22
20
18
18
8
16
7
7
10
13
13
10
2
32
13
22
28
34
17
17
29
29
8
14
34
7
35
4
17
27
19
3
3
18
0
29
18
23
23
13
8
17
31
21
16
14
12
26
13
16
16
27
10
4
1
14
4
31
34
11
11
32
5
35
3
8
11
4
0
17
17
22
7
34
31
0
9
18
7
9
2
17
4
6
8
4
0
4
28
17
2
12
12
4
19
19
15
36
15
18
22
6
20
0
24
35
22
15
24
29
29
16
20
29
29
6
2
25
0
24
16
2
35
