34
20
4
0
30
32
36
6
33
10
10
23
3
0
14
31
3
5
20
7
8
33
18
13
36
10
7
35
35
26
19
8
4
18
12
15
32
4
3
26
2
16
18
24
24
36
25
3
4
34
36
36
19
13
33
35
16
23
23
9
9
15
33
8
28
32
7
0
18
27
27
8
25
30
18
21
13
36
36
29
4
14
34
10
29
29
18
26
31
2
14
9
35
35
15
23
15
30
17
22
6
32
29
2
27
27
6
33
25
7
8
26
28
28
17
23
26
13
22
31
25
34
13
21
29
29
12
5
27
34
14
4
1
21
11
34
20
0
19
2
1
22
27
34
29
10
36
7
27
25
35
33
21
7
27
26
26
30
30
36
14
28
9
9
28
32
11
28
5
10
36
20
6
33
28
28
16
20
4
5
23
30
14
12
33
22
7
34
19
13
13
21
9
16
16
21
0
23
35
31
26
18
4
1
25
34
12
33
12
9
4
4
0
8
26
10
22
29
20
28
28
22
22
5
29
29
5
32
13
5
7
14
34
34
16
17
23
7
20
7
7
13
13
7
21
33
11
11
17
10
21
21
7
1
3
16
33
16
23
28
28
21
5
11
12
7
31
31
5
23
31
10
29
29
0
16
35
15
13
24
7
19
19
22
33
31
1
16
25
25
0
28
35
29
29
26
2
27
34
33
22
12
4
12
18
29
30
3
6
11
30
21
21
11
8
8
8
33
29
21
1
15
32
36
27
14
3
13
13
28
20
30
36
20
25
2
4
20
16
23
33
12
28
24
20
28
10
2
33
5
3
5
16
18
18
0
16
5
24
33
27
16
18
18
4
14
17
12
12
6
9
9
21
17
1
18
22
7
8
1
8
31
5
22
34
20
30
33
6
5
28
15
26
33
26
18
25
16
16
18
