9
21
28
13
7
21
29
15
8
8
26
26
3
26
26
10
26
31
25
7
17
34
21
21
12
29
33
31
9
15
22
12
28
7
21
11
15
18
11
31
4
15
3
17
24
17
30
11
33
26
23
15
35
35
15
25
6
3
29
17
20
25
20
17
8
19
22
21
19
30
4
31
5
2
3
14
9
23
21
26
30
5
7
7
30
24
11
29
0
5
20
32
7
7
10
10
33
5
32
34
36
3
36
15
21
31
3
32
1
34
30
17
27
30
32
23
23
34
7
15
13
13
33
29
22
14
33
14
5
12
0
13
23
22
12
34
17
3
1
36
9
15
10
11
11
11
35
27
27
11
18
18
26
3
0
9
1
23
32
7
36
29
27
16
2
21
24
22
22
8
33
26
36
34
26
8
22
16
19
32
2
36
13
20
18
18
15
12
33
2
2
0
32
28
5
31
19
36
1
34
22
35
23
8
22
20
10
10
11
14
8
24
24
33
20
5
36
23
15
27
32
32
8
17
9
34
3
28
19
15
9
9
28
4
19
32
11
34
14
1
1
27
22
19
19
17
23
34
22
13
19
31
26
33
3
27
33
5
12
12
12
12
19
26
20
16
10
34
34
34
8
14
34
27
18
22
3
32
22
20
24
31
28
5
11
11
36
36
31
30
24
32
26
15
26
12
28
24
16
28
26
1
2
3
25
19
20
1
2
10
32
23
26
26
0
23
25
33
23
23
31
35
14
5
2
0
31
12
27
16
35
27
4
8
29
1
15
2
12
33
31
17
33
7
18
11
28
0
7
8
11
21
12
12
18
16
30
12
21
11
11
27
27
36
32
32
18
15
29
29
2
26
17
17
6
20
27
31
4
35
8
2
34
27
17
11
7
34
35
7
7
15
33
2
3
3
19
30
14
21
21
18
24
33
