20
8
14
8
22
20
16
4
25
25
6
25
7
5
29
36
24
4
4
34
21
33
33
25
25
29
2
23
17
30
0
1
0
26
26
32
21
27
20
15
31
23
1
6
14
31
31
10
32
36
16
16
10
10
18
28
30
36
34
15
4
23
2
4
11
18
10
10
15
33
22
18
18
13
16
34
13
6
20
36
14
22
21
17
1
6
30
4
36
0
5
16
13
22
36
36
5
31
31
31
1
11
4
3
16
14
35
21
21
27
35
36
16
19
10
34
8
29
30
18
21
8
28
14
2
26
5
9
34
34
5
16
34
23
30
6
10
35
0
21
19
32
6
30
14
15
10
10
2
27
17
28
28
30
20
22
20
22
11
19
3
18
27
5
22
7
34
24
2
17
14
26
31
35
24
1
9
33
6
9
34
25
4
10
7
3
8
6
13
27
4
35
0
14
28
22
11
16
32
31
34
17
13
6
5
18
10
3
32
31
19
2
20
24
24
2
35
35
0
16
5
9
9
35
35
6
1
1
8
6
8
10
2
11
21
20
15
15
6
20
29
35
14
11
8
9
16
5
35
9
24
11
10
8
9
24
22
8
20
23
4
36
2
17
17
13
15
13
24
32
12
31
17
17
25
0
2
36
36
20
5
29
29
0
28
14
35
22
21
12
12
20
7
27
27
13
33
28
7
7
25
25
32
30
22
19
16
2
5
1
13
31
4
23
6
16
16
7
11
23
10
10
9
34
19
13
6
34
27
14
21
36
36
25
4
7
7
2
1
35
15
13
32
19
2
1
30
6
32
19
15
36
13
18
29
6
5
15
7
2
22
33
12
22
4
8
1
7
7
26
14
28
28
1
24
0
29
22
26
6
5
30
23
10
11
21
17
9
9
14
8
9
22
21
36
17
13
12
28
7
