20
16
35
9
23
14
21
20
10
11
11
26
26
22
31
5
26
8
9
16
22
19
5
34
29
10
23
19
16
34
34
27
10
17
8
6
0
32
4
33
34
2
0
9
9
1
34
5
0
15
6
8
7
14
15
34
20
27
22
7
34
20
3
15
7
2
30
11
7
8
7
32
12
6
3
10
27
24
3
6
10
10
21
29
27
33
4
30
18
3
13
27
29
24
24
9
5
18
36
26
7
11
31
31
29
21
5
23
29
17
29
17
12
12
2
21
21
24
2
33
18
5
27
34
36
36
23
23
29
6
7
0
12
22
3
32
3
23
34
17
7
2
30
13
9
24
20
0
11
12
11
29
27
27
30
23
3
27
27
0
18
28
17
19
20
29
29
18
12
10
36
25
8
0
25
9
12
0
11
11
14
0
14
24
20
9
34
25
6
0
28
20
32
32
10
34
16
32
11
18
1
14
11
12
33
21
29
8
25
25
26
25
12
12
29
0
30
30
23
27
25
27
2
24
24
1
13
11
0
31
4
27
6
34
18
27
16
16
28
0
8
8
7
28
21
32
12
8
15
15
0
21
29
29
20
26
12
13
22
15
2
2
5
22
18
12
14
0
22
29
29
32
31
0
8
34
15
8
36
22
10
8
8
15
18
15
30
21
20
13
4
6
25
0
8
17
17
26
25
0
35
25
17
7
17
19
4
4
21
4
17
25
29
29
6
11
5
5
11
24
31
36
17
33
33
13
36
34
15
0
32
32
7
34
36
36
20
18
10
29
30
2
33
9
6
28
28
29
26
6
22
22
11
32
20
28
15
21
21
12
23
29
3
18
13
8
28
32
1
21
22
7
32
28
31
31
17
0
2
16
34
19
32
11
36
29
14
2
23
23
32
23
24
28
25
8
19
26
33
30
10
10
34
34
6
26
