21
5
1
7
13
10
10
22
27
32
6
14
25
22
22
13
33
36
31
32
32
26
33
0
12
14
33
16
16
29
25
9
23
4
7
15
24
24
7
7
23
32
12
10
5
27
34
11
27
35
21
3
34
21
3
1
19
33
25
13
29
5
2
31
31
26
12
27
14
29
23
28
11
8
2
12
12
20
0
15
30
0
16
14
16
16
9
0
36
7
26
32
3
21
23
2
23
2
16
8
27
24
11
8
24
22
17
18
5
32
22
29
20
33
35
1
36
14
34
21
9
23
16
19
26
26
16
34
12
2
30
0
31
19
24
28
28
2
0
15
23
24
24
11
4
16
22
18
2
34
12
13
22
11
9
19
19
12
21
29
20
3
0
36
26
25
25
13
35
23
32
22
19
35
34
13
35
20
13
3
8
8
10
34
16
19
26
26
26
4
35
8
28
3
21
30
1
15
27
32
30
1
6
36
14
24
9
15
5
23
23
23
23
20
1
25
10
13
10
17
2
26
30
4
5
0
13
33
29
10
24
22
22
19
1
10
21
11
11
36
22
33
0
10
33
9
22
1
9
31
7
19
10
10
11
22
8
17
26
10
8
13
14
26
26
0
8
2
7
28
6
26
17
15
3
23
23
22
30
6
32
31
1
13
22
22
20
10
31
6
35
35
1
12
36
16
34
35
18
18
2
23
14
24
9
0
26
18
35
8
13
26
33
30
36
29
29
0
15
8
18
18
36
1
8
17
17
1
14
30
16
16
30
25
24
2
13
28
28
11
4
4
27
4
36
2
12
29
4
11
32
5
18
0
33
33
14
20
27
0
31
36
21
21
26
28
22
29
24
13
8
10
10
14
22
24
24
18
21
5
9
2
0
1
20
35
35
16
27
23
28
18
5
10
36
35
26
13
1
15
