1
7
11
11
31
19
15
22
26
12
12
30
26
9
8
8
20
27
0
26
36
36
23
35
5
32
24
22
11
31
33
24
17
31
34
19
18
10
8
5
2
23
5
29
0
28
35
21
21
10
12
32
20
13
33
21
18
25
28
26
34
33
5
9
9
6
1
15
20
34
22
25
14
30
3
16
17
22
8
23
23
7
23
21
27
31
11
11
22
26
8
7
24
17
12
2
9
36
20
15
9
10
10
1
25
9
2
35
30
17
7
20
34
4
31
1
30
0
5
13
13
4
4
10
35
23
9
29
26
24
36
30
6
18
18
0
26
34
32
9
6
25
36
20
2
15
3
12
15
8
22
24
22
20
23
13
35
6
3
0
29
22
1
25
27
4
36
2
16
6
33
36
36
32
35
35
26
19
18
31
34
8
16
16
12
2
30
1
10
32
32
25
20
10
18
10
3
33
26
16
1
2
3
15
21
26
28
7
3
33
19
36
5
33
33
1
24
7
20
2
5
12
18
18
12
2
23
22
0
25
11
16
21
7
29
35
23
18
18
25
33
13
20
5
7
7
24
16
15
7
21
21
34
24
22
14
2
29
3
23
4
33
10
29
5
31
1
2
12
5
0
33
15
23
35
32
30
5
5
35
6
18
15
19
34
11
6
30
2
11
11
8
17
0
3
15
20
0
0
35
13
4
11
33
32
24
29
35
10
12
12
13
0
11
36
22
32
6
0
23
18
32
9
3
35
28
18
12
12
14
36
26
6
9
34
32
0
12
25
19
29
1
29
27
1
34
16
16
28
23
8
10
31
27
5
16
2
3
30
1
22
30
33
26
24
23
21
6
32
35
23
18
28
28
0
24
7
6
28
20
21
3
12
0
22
7
15
26
29
29
32
32
24
30
17
10
7
9
9
12
12
