10
36
35
35
0
33
17
21
33
16
12
11
34
28
30
23
9
1
17
17
30
12
33
32
12
12
6
28
14
6
24
8
8
3
27
20
1
29
31
30
8
14
30
1
33
32
29
10
10
12
10
31
8
10
25
33
3
6
15
16
32
17
22
36
34
13
11
7
20
11
11
33
20
2
33
14
27
19
15
23
23
35
20
0
6
30
4
6
29
27
10
21
21
12
22
33
29
36
36
26
33
34
14
14
34
8
15
5
35
25
20
23
36
36
25
20
7
18
26
16
7
5
25
23
23
20
34
13
25
34
29
9
20
36
36
33
10
10
18
0
13
7
7
33
3
20
31
20
0
24
1
15
26
0
30
26
10
15
22
23
17
35
18
18
18
24
8
23
18
12
9
25
22
14
25
34
12
24
23
9
28
14
16
20
18
18
30
6
29
8
11
18
30
16
21
2
33
22
33
2
12
33
25
15
35
8
8
28
24
16
2
22
20
20
6
16
4
13
19
16
24
23
4
4
36
19
2
33
11
21
16
21
21
28
11
34
3
20
28
20
32
28
1
32
23
18
34
20
9
8
5
20
35
32
24
21
17
36
2
36
5
29
10
5
21
23
3
7
6
7
35
35
15
24
27
17
16
15
1
3
13
13
20
28
9
9
1
20
15
9
20
2
17
19
14
34
25
16
27
33
18
18
21
36
30
22
27
36
4
23
32
24
13
2
26
24
3
33
24
20
31
35
16
16
30
19
19
23
23
10
33
27
25
14
23
33
12
18
17
15
11
19
30
9
9
30
24
18
31
9
19
32
10
22
31
0
33
15
24
24
32
21
21
19
3
11
11
9
0
2
21
9
17
30
22
27
13
11
14
23
36
10
31
31
3
35
5
29
21
27
13
30
18
23
36
27
15
26
26
