12
11
29
2
17
9
9
3
27
1
20
20
16
33
21
21
15
33
17
32
13
2
4
25
36
6
24
24
14
19
23
36
1
36
8
20
7
21
21
15
4
4
28
24
32
36
23
23
32
5
7
7
27
25
19
32
20
8
17
11
16
7
9
9
11
11
26
26
15
23
22
5
7
3
1
24
36
22
13
13
21
21
15
11
27
4
12
21
5
29
16
10
1
12
16
36
35
15
14
32
4
34
9
19
31
0
29
14
23
23
36
31
6
18
12
24
34
10
10
32
34
27
6
16
34
27
13
1
15
14
13
12
25
24
8
24
24
5
26
9
27
34
29
0
11
11
6
18
36
8
18
32
25
33
4
35
34
24
18
24
26
2
4
31
27
14
24
15
30
12
25
30
36
24
29
19
9
26
33
9
8
19
17
6
23
23
1
31
27
11
3
33
1
36
23
33
7
29
31
30
32
19
23
23
26
12
19
19
21
21
20
6
34
9
11
11
34
34
16
33
34
0
18
29
29
22
2
9
0
17
6
2
23
10
29
23
23
36
36
6
4
8
3
18
21
23
0
0
24
24
22
31
0
10
13
4
21
21
30
27
28
28
31
19
18
8
12
33
12
3
2
5
12
27
30
14
1
12
26
32
15
22
23
34
31
20
30
28
19
6
24
24
9
15
4
24
14
5
11
32
35
34
26
13
35
6
12
6
17
28
23
31
33
1
10
8
22
18
21
4
33
22
18
14
10
24
7
17
19
36
5
27
7
36
36
11
11
3
22
34
16
29
28
10
3
28
34
17
29
35
13
12
29
11
23
23
17
15
26
32
29
17
17
20
12
12
35
31
32
26
20
7
20
1
5
21
19
19
24
26
21
31
36
30
32
33
27
30
23
23
32
16
27
6
34
35
1
27
35
27
20
19
