33
17
15
4
12
7
7
30
2
17
17
21
26
29
12
12
21
17
4
4
3
12
10
14
13
13
29
15
4
6
30
17
34
34
22
16
28
13
30
15
36
30
11
19
4
3
21
18
8
2
25
16
16
26
30
7
12
5
22
10
17
33
17
7
16
30
26
12
20
25
33
14
24
24
4
26
28
30
3
0
9
32
18
7
18
6
21
7
30
33
16
23
9
23
35
1
2
34
35
23
31
31
7
36
29
21
28
26
4
27
17
14
32
32
10
9
9
36
15
6
15
12
0
14
25
11
11
24
22
34
26
23
7
9
14
3
17
5
31
26
12
26
29
30
10
6
26
11
12
7
11
5
25
35
32
10
11
27
31
31
22
4
12
16
33
28
30
28
7
24
24
24
32
15
0
6
25
28
25
14
10
10
12
1
28
14
11
27
24
14
18
11
22
15
0
5
33
1
14
5
27
27
21
21
30
16
8
1
20
12
2
4
4
34
35
22
32
34
2
6
32
3
0
17
3
15
15
3
20
17
20
3
17
31
31
34
34
9
9
15
12
22
17
25
0
20
1
13
13
27
35
7
30
19
19
29
3
35
18
17
36
6
27
36
31
9
9
11
25
25
2
29
33
1
15
15
7
18
1
27
6
8
3
27
3
8
6
13
10
0
22
2
17
2
14
35
19
34
31
4
24
33
21
6
29
36
4
2
32
19
21
23
14
24
27
27
20
12
18
31
25
1
28
15
3
28
3
33
34
32
15
19
28
17
10
12
3
3
19
29
13
26
19
6
34
2
34
15
7
13
6
2
9
25
1
17
30
35
16
32
29
12
12
33
29
25
25
34
7
15
0
8
3
12
15
12
26
5
1
18
24
24
7
7
17
6
35
25
22
18
17
29
25
11
30
4
5
18
24
25
33
22
34
2
