31
6
5
27
10
19
8
36
14
14
25
28
34
22
0
36
13
10
13
28
35
3
34
16
31
1
32
18
14
33
35
35
32
25
4
26
8
23
26
24
23
35
11
6
35
35
18
36
36
17
17
30
14
4
7
15
5
29
31
13
36
15
31
34
33
8
14
33
30
9
29
4
20
17
8
2
13
13
12
17
18
4
27
25
14
23
19
19
21
16
11
14
3
30
32
33
11
30
8
13
24
29
24
25
20
18
12
21
27
25
8
7
8
8
32
7
8
7
7
7
7
36
9
22
25
20
12
18
10
5
9
34
4
12
21
1
8
6
32
26
25
35
36
10
3
8
8
31
7
7
30
2
30
3
18
0
19
0
4
20
31
29
25
33
14
15
1
19
19
11
35
27
0
9
10
4
5
21
15
30
33
21
27
27
4
4
4
32
7
13
24
29
23
23
3
34
29
12
30
23
23
9
27
27
23
23
12
16
34
15
26
31
6
0
21
5
14
17
8
1
3
5
25
25
25
18
17
29
33
24
20
11
33
7
11
6
21
12
4
29
23
23
23
8
36
0
7
21
28
9
5
13
28
1
22
30
26
3
25
22
20
35
20
13
5
9
16
25
25
25
10
11
16
34
6
6
19
10
1
11
11
29
35
16
32
13
24
25
32
29
23
8
28
28
8
33
21
22
21
20
22
12
19
34
18
18
7
22
28
29
18
8
5
9
2
23
33
16
9
4
4
19
16
16
9
8
34
2
22
17
15
8
36
23
23
36
17
1
6
9
7
23
26
33
35
11
17
35
24
36
15
2
30
17
21
4
2
5
32
32
19
36
36
36
7
7
27
36
13
11
13
13
36
30
14
28
16
19
7
0
12
10
10
8
7
34
13
6
8
34
21
4
28
23
23
7
0
9
23
26
11
