12
21
21
11
19
10
10
3
31
21
19
2
35
3
7
31
17
20
14
0
14
25
17
17
32
22
3
18
32
3
34
34
16
9
31
4
20
16
29
31
36
29
4
25
5
13
30
13
22
4
4
34
27
30
19
14
18
8
11
30
27
1
1
22
31
31
4
31
33
29
4
23
23
1
26
28
32
24
1
36
2
19
17
27
26
0
7
16
4
7
32
1
13
1
27
9
1
18
7
22
5
33
28
21
10
27
25
35
3
5
22
29
4
10
22
30
17
0
35
23
23
24
24
35
4
18
14
9
32
7
30
20
9
28
11
23
6
27
24
26
27
2
19
27
22
2
26
29
13
27
16
11
20
22
21
21
13
15
9
25
11
6
0
18
14
3
36
18
26
17
33
32
25
23
17
11
22
3
22
23
25
20
15
0
0
8
18
16
30
14
33
12
13
13
4
25
26
16
16
9
24
35
31
29
31
5
7
35
20
30
25
6
15
16
9
28
35
12
12
11
11
23
31
11
25
18
36
30
32
31
4
34
20
12
33
22
7
11
17
21
5
34
25
15
23
19
16
12
35
16
32
10
4
13
25
29
29
0
3
0
1
16
1
18
32
18
18
6
6
34
1
21
34
3
17
22
13
33
23
2
3
25
29
17
23
15
27
30
11
16
30
8
30
7
9
12
30
22
5
6
14
36
36
3
0
17
28
11
23
24
33
36
29
8
27
30
1
30
0
31
31
15
18
18
4
22
21
24
27
27
36
34
8
14
30
34
24
20
11
36
14
33
11
34
12
5
26
6
13
26
7
0
36
24
0
30
22
11
21
32
0
9
20
5
6
26
31
4
10
10
28
0
13
13
16
33
24
31
31
5
7
16
26
7
7
10
10
26
26
12
6
33
16
6
2
14
33
20
26
12
10
1
22
33
8
6
13
17
10
2
