19
35
23
28
34
28
24
26
26
21
2
18
9
20
23
14
30
13
13
16
11
9
25
25
12
25
6
33
31
31
31
33
35
33
29
29
1
31
35
18
11
27
23
8
5
8
8
0
7
12
35
35
0
30
14
27
7
6
32
12
32
33
10
10
25
25
35
35
7
35
14
10
26
22
4
9
11
11
11
16
16
6
34
34
11
18
18
17
17
30
12
6
29
2
16
3
9
19
15
28
17
27
11
13
30
33
3
5
11
21
35
35
10
7
7
35
22
27
27
6
31
36
6
0
21
1
8
22
21
21
17
29
0
1
2
29
8
9
17
17
11
11
25
31
31
14
12
12
13
3
11
18
29
28
25
10
11
12
12
23
19
28
22
31
8
3
8
2
21
34
28
14
5
33
13
33
13
8
20
13
10
12
23
23
28
32
27
2
31
4
21
34
16
34
31
10
12
8
4
15
5
28
0
4
0
21
21
29
16
16
16
6
35
25
36
4
8
22
14
28
13
23
32
35
9
1
4
15
21
5
9
13
13
18
35
35
22
2
1
25
0
13
6
16
6
6
20
13
18
18
14
6
32
21
12
23
23
35
5
30
27
19
14
13
20
14
3
29
27
21
36
3
16
12
35
19
19
16
26
1
31
3
6
24
23
12
22
2
32
4
16
2
33
11
11
22
16
12
23
23
5
19
20
24
16
14
6
21
28
18
20
24
24
16
31
10
14
29
12
8
33
17
1
13
4
4
9
12
20
28
33
33
22
26
23
2
27
3
25
27
1
27
27
10
22
23
6
34
11
26
0
11
22
3
5
6
28
5
15
19
4
31
33
2
9
2
25
3
21
6
16
16
17
22
22
19
17
31
31
5
2
14
35
20
35
14
6
16
0
21
1
15
24
25
7
5
24
14
5
14
