4
23
29
25
18
16
23
3
32
13
25
4
4
14
28
20
10
6
25
34
1
23
20
13
31
19
9
21
26
35
19
14
15
30
33
0
28
23
28
24
22
9
21
20
7
14
17
33
35
33
3
25
17
17
36
16
2
5
16
6
10
21
21
16
26
4
14
3
18
7
17
17
14
7
7
14
7
28
18
4
4
32
25
14
4
28
0
5
35
36
11
22
16
13
30
13
16
23
24
23
27
30
21
27
27
11
18
18
19
22
16
15
10
34
34
17
35
27
30
32
11
24
22
15
4
16
6
26
18
18
26
35
29
17
34
0
6
18
2
35
27
10
16
17
31
9
0
35
12
1
22
14
0
19
1
28
10
17
32
10
25
11
21
21
26
26
12
2
32
6
0
33
7
18
15
5
3
8
34
4
22
5
30
21
22
14
0
6
19
26
22
6
26
27
25
12
12
15
18
33
25
25
24
0
31
20
7
31
31
6
2
27
6
5
31
31
26
18
18
33
15
36
23
12
13
29
15
18
31
19
18
20
3
26
17
36
36
25
4
6
10
1
3
34
29
29
31
10
35
31
25
12
20
6
5
17
17
14
2
33
25
30
2
2
21
31
34
7
13
34
17
16
29
35
35
2
9
18
34
9
33
27
1
22
29
2
15
35
10
14
28
15
31
7
7
31
23
23
5
27
36
32
11
31
3
1
27
21
21
18
1
8
34
0
1
33
4
5
7
7
25
18
36
1
1
15
2
30
5
8
35
9
26
24
12
17
0
19
2
36
31
4
4
22
25
25
18
2
28
11
16
2
33
15
9
7
3
21
7
15
4
30
0
2
0
11
8
3
23
6
25
32
19
9
12
6
32
19
5
33
19
34
28
33
15
35
13
18
22
13
6
25
26
30
10
4
19
21
0
