30
29
35
31
16
10
35
35
30
18
27
27
10
10
5
36
7
27
12
35
35
25
7
36
36
30
15
15
21
21
28
2
33
3
35
8
19
32
33
16
24
7
32
24
24
24
24
26
20
19
21
19
30
35
3
21
2
33
25
6
7
17
20
32
13
6
25
27
27
36
0
21
21
3
24
12
6
33
29
4
0
19
24
30
2
27
14
18
30
35
33
30
27
33
29
36
24
24
29
6
12
13
4
16
7
23
11
11
5
35
35
32
18
21
14
28
13
36
31
31
23
28
11
3
13
24
33
1
34
3
32
20
9
11
25
13
13
21
25
25
27
2
35
8
6
28
0
13
25
32
28
15
7
22
8
30
15
25
33
33
20
25
20
7
34
23
2
29
24
2
10
9
5
3
13
27
8
8
3
29
16
33
2
32
32
10
10
21
15
20
12
22
14
11
11
8
6
22
36
30
27
28
35
4
27
0
9
25
4
29
19
13
11
31
34
18
18
10
10
29
1
28
18
35
34
18
11
11
20
24
22
25
33
0
24
35
28
10
14
4
17
17
7
22
27
34
1
35
15
18
18
16
31
32
22
4
9
15
19
35
34
16
31
34
8
20
6
20
18
2
35
9
22
0
9
14
26
30
27
32
35
35
22
15
9
27
10
8
8
22
3
22
4
31
14
22
29
23
31
31
36
14
21
34
11
17
28
28
28
18
28
28
32
26
12
12
18
7
19
11
32
20
26
27
27
14
33
33
33
33
33
33
33
21
25
23
35
31
21
35
17
0
15
28
28
5
33
4
25
18
18
11
11
32
9
18
18
11
34
17
2
26
1
11
13
33
25
28
21
14
21
21
19
17
17
30
23
24
28
14
6
13
17
28
11
7
26
18
18
1
12
33
2
24
15
8
30
3
21
30
27
15
