31
22
16
33
16
25
16
29
15
22
27
6
1
33
30
5
32
28
17
16
15
24
6
11
30
13
17
6
25
23
27
25
33
33
36
6
18
25
5
24
26
26
27
16
16
20
19
29
9
14
3
10
16
4
23
10
7
1
0
15
17
25
20
8
33
2
19
33
0
8
5
31
35
34
28
33
16
36
15
31
17
2
27
27
28
31
14
18
3
9
9
36
8
9
31
2
10
7
11
13
25
29
32
15
13
16
20
36
19
0
20
9
1
24
11
14
23
18
5
27
33
27
5
29
17
32
31
3
22
2
15
32
24
6
33
18
27
27
5
32
14
14
14
23
18
18
18
20
23
31
15
30
18
26
26
19
16
2
17
1
35
23
35
25
0
11
34
35
32
1
14
13
12
16
5
8
13
13
17
3
7
3
21
36
18
2
33
24
26
32
21
27
27
15
33
28
28
15
12
17
10
9
9
7
32
36
34
13
13
6
14
26
29
15
15
19
32
23
26
0
31
10
7
24
24
26
21
1
22
30
19
3
12
12
30
8
35
21
5
36
36
36
16
4
6
23
3
0
20
29
17
29
14
4
15
2
25
10
10
5
22
16
3
7
27
22
33
27
36
31
7
24
27
4
25
12
8
29
14
8
17
3
17
10
10
14
10
8
4
30
11
21
30
4
3
6
16
16
7
33
21
35
0
4
25
6
33
33
8
1
4
34
19
16
1
0
33
7
25
29
29
28
28
35
3
35
8
26
3
27
17
30
22
22
16
5
14
6
13
26
6
8
30
16
6
2
10
4
29
10
6
8
8
0
10
20
13
13
7
35
30
21
13
27
17
14
14
24
33
20
29
33
6
3
28
4
24
18
27
2
20
17
26
13
24
6
0
16
27
21
21
6
7
8
26
23
