3
16
16
13
13
29
16
22
35
21
7
2
27
10
10
1
8
26
1
11
21
20
5
36
36
21
19
14
20
10
13
24
24
2
9
0
2
13
14
18
17
12
14
35
6
23
8
8
31
12
12
32
5
7
7
36
24
22
16
32
8
7
31
28
36
36
25
14
19
19
11
11
36
21
14
18
15
15
11
6
35
19
12
28
7
9
31
19
26
22
5
19
1
22
22
0
32
7
34
1
9
9
33
6
22
36
0
35
22
9
27
5
11
11
32
32
22
4
30
23
1
8
18
27
34
5
31
4
26
10
22
9
36
10
5
13
5
20
10
17
11
14
11
13
19
30
12
7
6
3
3
5
21
14
34
17
10
14
9
15
1
3
27
11
11
8
9
9
28
32
3
22
21
23
1
22
8
35
14
34
34
23
32
8
7
14
27
31
13
8
27
20
4
1
1
7
0
13
1
17
8
20
5
22
11
1
25
30
8
19
24
2
32
18
20
20
0
31
32
7
2
7
7
6
28
28
7
20
16
12
24
35
10
5
20
4
17
4
32
9
15
21
31
1
19
20
8
1
23
20
3
8
33
19
19
26
0
5
7
1
30
13
28
3
35
36
16
12
10
25
25
7
20
19
22
19
3
5
9
5
4
7
12
35
35
8
13
29
12
27
3
36
16
14
14
16
28
34
3
21
10
30
10
10
17
15
28
30
0
3
2
1
11
18
23
26
25
12
12
33
24
9
7
28
28
8
23
7
19
18
13
1
9
2
31
28
27
5
24
7
12
20
9
19
14
11
26
34
20
5
35
27
27
19
0
5
35
32
9
35
27
36
25
24
14
21
10
5
30
15
14
24
35
25
23
25
15
16
12
4
22
22
29
27
15
31
5
20
31
32
20
25
33
4
18
0
2
0
13
34
24
15
32
35
23
16
6
7
10
18
29
