35
32
25
27
27
32
5
13
36
2
13
31
36
31
13
7
19
19
4
11
8
36
20
17
1
34
12
12
28
18
14
5
19
21
10
19
31
31
23
35
22
19
25
27
27
26
31
20
16
21
8
34
28
20
27
33
0
17
11
2
14
8
26
9
0
26
13
31
2
35
32
31
29
29
14
25
6
36
24
24
17
26
32
12
14
27
30
7
8
16
3
31
31
15
26
35
4
21
21
30
10
30
29
5
27
3
30
10
10
27
17
36
18
28
19
8
35
5
0
36
36
34
0
31
36
16
24
18
34
6
28
5
26
9
5
13
13
29
11
34
6
25
35
2
25
27
27
29
36
28
2
20
21
32
1
30
1
29
29
18
25
5
20
14
18
34
9
9
5
11
6
2
29
12
17
9
10
10
24
13
7
19
1
26
24
16
23
32
7
3
10
10
17
16
29
23
10
31
5
11
30
3
35
34
33
26
28
6
4
36
31
33
13
5
27
27
29
14
20
13
29
30
33
25
9
13
34
22
6
12
18
4
31
15
17
20
29
18
32
18
31
5
29
7
36
8
35
3
32
17
25
23
1
26
13
29
5
29
30
28
31
7
25
34
3
36
29
22
10
9
7
34
29
5
31
23
29
27
26
32
32
18
35
33
5
16
17
17
11
31
30
7
26
4
4
33
21
23
2
32
3
0
17
9
9
4
31
10
29
23
10
30
26
23
26
4
20
36
36
34
5
18
21
20
30
15
4
10
15
26
3
19
13
18
13
22
25
6
15
0
10
14
0
15
1
24
15
0
36
19
19
6
30
7
7
7
35
6
34
6
29
8
34
12
27
27
3
25
2
21
22
29
33
3
9
23
5
16
28
21
30
3
17
15
35
15
34
33
12
19
14
18
18
26
18
2
4
26
6
33
12
22
25
