14
21
6
8
11
5
21
9
1
3
31
35
35
27
20
26
35
23
28
29
29
7
2
12
14
1
24
14
16
16
23
15
24
24
29
33
15
36
2
9
12
8
3
24
19
34
6
17
9
5
3
13
7
31
34
1
7
1
23
28
11
3
3
12
14
13
24
12
12
21
34
34
34
34
34
34
34
34
30
17
21
22
34
28
24
33
31
5
32
7
7
26
23
21
4
4
11
7
7
1
21
22
34
1
28
30
26
5
33
32
29
28
24
14
3
31
13
32
13
13
25
6
3
0
21
12
12
12
1
22
34
2
4
2
33
36
0
15
1
15
15
27
22
1
28
36
14
13
32
35
35
3
14
8
7
7
12
13
22
23
30
25
25
21
21
0
18
33
28
16
16
18
11
26
13
0
20
20
29
10
10
0
8
0
31
27
27
25
36
15
10
21
29
29
12
6
3
17
17
26
16
15
3
19
0
13
29
33
1
8
16
19
22
36
26
27
0
32
7
8
23
31
35
2
29
9
9
29
8
7
33
24
13
12
7
5
2
7
7
7
7
19
17
30
1
13
31
35
6
19
12
31
18
32
5
20
1
2
6
31
25
4
12
12
18
2
0
17
13
16
12
12
11
35
13
21
31
29
8
1
36
21
36
30
10
4
21
26
36
29
1
30
21
2
31
6
31
19
2
22
11
36
5
33
4
24
8
17
26
24
13
13
10
25
25
8
19
27
28
22
3
1
34
13
16
24
21
1
17
25
23
18
12
9
1
27
34
21
6
6
12
12
3
4
25
10
21
1
9
24
34
26
8
14
33
26
8
17
4
17
17
36
4
32
36
11
18
18
4
4
4
29
2
20
20
3
10
16
21
13
31
35
35
15
30
5
22
24
24
8
10
2
21
22
31
32
19
28
13
31
13
9
9
8
