24
33
3
0
18
8
20
0
19
1
30
25
25
23
15
28
28
7
26
35
5
0
33
13
18
18
7
17
15
35
19
27
0
29
0
33
12
15
3
16
8
30
10
20
5
5
9
17
26
33
34
21
36
30
34
23
34
18
18
30
33
33
11
12
29
9
11
11
36
33
4
23
23
25
31
34
2
19
29
24
24
12
5
17
17
28
19
2
15
9
15
27
34
4
4
7
5
0
27
35
35
23
23
27
21
29
29
19
17
19
10
18
4
16
14
17
20
35
24
18
0
11
11
33
13
27
28
23
4
29
29
36
36
34
32
32
23
14
19
8
8
28
34
23
29
29
19
5
7
25
9
22
10
14
18
18
27
8
12
12
31
27
17
4
17
14
1
22
36
3
17
19
36
5
29
21
8
29
22
5
2
20
15
17
31
31
26
31
2
10
10
3
21
9
4
4
2
16
13
19
20
14
13
17
15
36
11
34
5
4
4
3
36
31
9
25
10
19
16
8
31
9
28
21
33
4
16
25
2
25
25
25
17
18
5
3
27
30
0
23
16
13
28
23
23
9
24
5
30
18
4
35
35
2
35
33
6
31
31
3
13
24
24
7
7
32
24
17
27
16
34
21
28
28
0
22
1
23
4
4
2
14
30
24
28
28
11
36
28
4
10
0
9
24
10
13
14
9
1
27
4
13
16
35
3
21
21
21
21
10
18
7
2
12
36
19
0
9
26
12
4
4
5
24
24
22
0
7
4
32
6
29
22
18
3
13
27
35
5
3
7
3
14
22
25
8
36
9
9
10
36
36
19
3
4
27
3
30
33
3
3
15
10
16
28
32
18
18
18
18
29
35
35
6
15
35
36
16
9
2
28
29
10
10
32
1
9
15
20
7
21
22
26
0
4
0
27
6
27
32
6
33
36
27
2
4
1
14
36
21
