11
17
18
11
30
28
9
33
17
15
15
18
12
33
30
15
30
5
0
36
19
30
30
12
12
9
34
1
16
31
31
22
10
2
14
14
26
11
25
26
15
22
4
25
25
7
12
8
22
20
9
9
36
28
28
12
15
2
10
33
2
15
11
23
12
21
5
25
25
33
2
28
23
13
24
26
12
10
19
11
20
0
35
3
21
0
7
7
4
19
20
26
21
14
31
19
19
13
6
10
36
1
14
0
16
0
24
25
6
22
4
19
2
35
7
21
13
11
18
18
21
16
32
14
4
1
7
31
12
27
2
14
26
3
26
23
9
5
33
2
0
0
3
33
18
24
24
3
33
13
27
10
33
12
13
12
24
24
29
29
32
32
0
4
19
23
35
13
9
5
12
23
14
33
21
35
30
26
34
13
26
34
10
26
33
17
16
13
13
20
20
29
29
1
4
11
22
13
17
19
23
14
21
4
25
35
35
17
25
6
22
12
26
26
29
13
6
12
18
20
31
16
21
7
2
18
27
2
16
30
23
2
8
6
19
13
27
20
21
21
22
27
27
28
12
5
5
6
4
2
26
7
34
0
27
28
11
7
9
8
24
12
33
28
28
12
19
19
12
10
11
16
10
3
19
19
14
1
3
26
22
2
3
36
16
18
18
27
27
10
10
7
7
22
13
3
28
7
11
10
20
29
19
31
31
16
21
1
31
32
35
5
4
14
26
13
15
28
8
9
32
15
32
23
30
28
0
12
34
31
26
15
17
1
30
7
7
3
12
3
2
30
21
8
11
6
8
26
13
19
22
9
11
23
23
21
13
10
11
8
9
23
33
33
33
33
33
33
33
4
26
23
13
17
17
28
28
22
13
10
10
3
26
1
34
23
28
25
19
8
29
32
22
15
34
7
29
