3
17
20
1
34
13
8
23
23
34
34
22
25
7
7
7
36
36
36
17
32
20
16
35
31
8
23
33
0
28
33
0
35
23
11
4
6
0
13
4
18
31
8
19
14
8
8
31
35
24
24
21
21
14
26
14
17
35
10
1
10
7
7
33
13
13
28
28
10
9
35
8
12
30
20
12
26
12
34
10
10
28
7
33
22
6
13
11
29
11
0
15
23
32
32
23
16
28
28
22
18
34
19
13
24
15
9
8
22
22
27
6
33
22
20
9
4
28
6
30
11
30
13
7
7
27
27
10
28
12
18
18
6
3
35
12
18
14
13
36
4
33
30
27
27
4
24
4
5
2
4
9
8
11
1
19
14
12
19
16
25
2
4
18
6
29
29
17
17
25
15
6
7
15
28
12
5
14
19
27
25
0
32
17
30
27
27
27
32
22
36
36
6
23
8
32
20
26
22
8
34
15
15
0
31
27
27
11
23
17
22
31
0
9
9
23
6
35
30
34
32
10
8
27
1
23
3
36
17
6
30
25
24
30
14
10
33
34
5
17
22
9
5
1
24
8
36
36
33
24
10
24
2
10
10
5
0
29
33
14
15
27
21
21
3
16
17
36
11
22
35
34
29
17
17
10
5
36
30
32
11
25
21
16
30
28
9
28
0
36
33
30
4
3
0
31
16
10
3
12
1
9
33
18
29
5
25
35
29
20
15
33
35
2
9
9
0
5
22
10
35
2
24
21
21
11
8
8
25
4
4
12
24
31
30
8
19
25
13
32
15
32
21
0
22
32
26
2
14
22
30
1
36
35
17
30
31
5
30
36
31
28
31
5
3
31
15
1
9
9
9
36
22
14
15
5
8
20
0
21
21
5
7
26
24
24
29
23
36
33
24
10
10
28
7
3
32
0
18
0
0
33
14
20
