13
28
26
35
34
11
14
24
32
13
23
22
34
7
24
20
12
3
26
20
35
30
26
25
35
14
23
3
7
25
25
30
7
24
35
4
25
34
19
10
17
17
17
22
10
22
29
5
29
29
35
16
0
18
18
9
25
29
22
32
16
35
1
21
20
22
22
14
1
9
8
35
35
14
4
29
18
15
32
9
33
18
33
13
27
27
22
34
7
7
17
6
35
22
22
15
33
0
32
25
25
36
3
7
7
11
1
29
29
34
19
3
3
35
35
5
2
31
2
31
4
14
16
19
3
36
1
22
29
33
13
15
19
23
6
5
32
17
36
36
32
36
36
16
16
1
24
20
34
5
26
1
9
24
17
27
27
25
2
26
14
6
1
33
18
18
22
34
14
14
3
16
30
4
3
29
30
7
15
34
15
2
36
12
15
9
8
20
14
27
24
19
15
21
30
36
21
23
31
11
10
27
8
9
23
27
20
13
17
11
8
1
36
14
12
9
25
28
4
2
33
28
19
33
17
16
26
22
2
8
4
23
27
33
28
23
33
4
21
36
28
1
30
7
4
6
8
8
1
26
21
5
33
15
34
21
17
22
26
23
20
22
14
32
33
26
2
13
18
31
33
19
26
15
26
0
0
6
20
20
30
5
14
7
34
22
19
21
32
34
15
26
34
28
21
18
30
3
23
7
10
36
6
34
8
26
32
12
12
1
5
23
23
23
20
4
2
26
11
2
29
30
27
16
12
12
18
5
13
31
0
12
19
13
36
32
33
1
3
25
35
29
23
26
21
21
30
20
27
10
6
1
9
10
18
7
21
30
13
6
34
3
23
18
25
22
28
24
24
34
3
32
7
16
9
23
29
0
15
29
11
31
32
12
0
3
7
21
13
13
25
14
23
25
0
34
36
29
25
36
6
17
8
12
31
11
34
3
