23
14
30
29
8
9
5
5
9
31
24
30
22
31
32
15
29
36
25
29
3
12
19
12
26
35
27
26
26
29
26
12
12
22
14
13
35
22
36
5
23
18
27
27
15
13
21
17
36
3
8
24
7
17
3
0
2
2
2
2
2
2
2
2
9
27
5
20
27
12
31
32
32
16
4
24
24
10
36
24
17
12
19
6
36
36
36
9
33
9
13
8
34
28
33
22
24
14
24
24
18
21
28
13
13
25
36
36
25
27
26
1
5
11
11
6
16
17
9
14
18
8
1
36
2
0
4
24
24
34
28
28
9
29
29
28
29
32
31
28
23
23
1
21
21
7
7
18
17
9
7
32
30
6
27
8
33
16
20
17
11
11
28
5
20
8
13
14
14
4
3
14
30
27
36
2
24
8
5
31
31
13
5
26
9
6
24
14
13
32
26
23
16
5
5
35
36
1
32
14
2
23
11
30
12
24
3
0
4
20
18
35
1
23
8
16
0
27
26
33
23
36
2
31
33
12
12
21
6
11
11
16
23
23
31
26
5
27
20
27
22
9
16
17
29
5
9
7
16
14
25
36
25
8
20
23
23
7
36
27
1
26
26
4
22
34
23
23
24
22
20
24
15
14
36
3
4
8
19
12
29
6
15
35
2
0
16
13
2
12
34
36
24
22
35
29
7
7
13
20
15
8
8
0
20
28
14
16
21
21
31
14
24
33
4
0
4
3
36
21
30
10
15
12
16
13
14
12
9
11
8
4
4
21
34
36
4
24
33
32
33
35
10
6
2
36
36
33
9
9
10
1
9
9
18
8
2
35
9
2
15
27
21
8
26
12
4
32
29
3
8
35
34
26
26
7
35
30
8
20
13
21
34
9
5
18
19
19
18
18
1
1
24
26
5
33
14
26
0
7
5
8
