10
6
19
25
3
12
6
18
18
26
3
7
0
11
30
15
30
17
4
11
0
24
24
13
22
28
14
23
7
35
7
6
27
32
16
26
12
18
18
10
17
6
4
13
26
13
25
3
27
14
3
15
0
6
7
9
14
2
18
33
24
8
20
11
30
5
34
35
8
3
29
29
1
5
24
21
21
27
27
23
4
9
9
28
1
4
18
28
16
12
8
23
3
30
14
3
36
13
34
22
3
9
18
28
28
18
6
8
25
15
23
6
7
1
31
22
12
31
12
19
25
25
26
8
20
7
21
21
21
15
8
8
9
19
14
32
1
5
0
25
10
16
13
17
36
22
7
1
28
5
27
22
6
32
27
34
22
36
36
4
23
22
10
6
25
1
12
20
28
28
10
20
20
32
3
4
26
19
27
27
15
1
25
35
30
18
18
27
29
32
15
20
34
19
28
19
4
22
5
34
32
16
12
31
34
21
33
13
30
31
31
16
19
21
0
34
21
7
7
5
34
6
31
23
16
36
34
34
13
1
34
25
14
32
7
11
33
6
7
8
28
11
11
34
4
26
8
1
20
32
21
23
34
17
25
25
5
32
34
34
1
17
10
35
23
1
5
23
36
11
30
5
3
20
9
20
33
34
18
31
5
12
8
22
5
2
29
18
12
12
28
28
18
25
11
36
27
23
9
32
11
11
5
27
27
15
23
35
17
12
12
35
16
13
33
15
4
32
30
1
10
10
32
14
16
16
32
29
31
19
30
20
18
18
21
31
31
22
34
19
5
2
28
29
22
21
13
27
21
3
30
0
29
18
17
27
9
21
21
33
12
23
12
3
8
19
27
31
35
26
29
29
19
0
12
34
19
17
5
24
24
25
34
1
0
4
22
4
14
26
30
31
36
29
14
5
22
36
24
18
10
13
4
25
25
29
23
27
31
5
1
20
14
6
34
23
10
2
35
16
17
14
31
22
7
25
9
33
18
9
35
29
14
9
7
8
34
11
8
8
20
26
2
22
9
24
26
35
35
30
21
34
2
14
19
19
13
34
3
16
19
9
9
29
12
21
17
17
24
10
30
8
31
28
10
13
31
25
20
7
7
30
32
24
0
21
27
31
31
29
29
25
25
13
13
29
29
7
8
18
30
7
10
27
4
19
32
2
11
3
16
16
10
27
16
16
6
36
18
8
5
35
25
22
24
22
28
33
31
9
9
18
30
31
8
15
8
35
28
34
25
16
20
26
9
22
24
20
0
1
24
35
35
16
0
24
8
33
27
8
28
21
7
7
13
27
10
15
19
11
25
25
36
36
22
29
3
9
18
29
12
19
8
26
6
2
30
28
19
36
34
13
13
30
15
9
29
9
33
33
6
11
27
12
3
20
28
20
20
5
9
17
17
6
15
27
10
11
11
20
30
34
2
14
25
2
16
16
8
15
24
4
12
6
7
30
4
25
25
31
26
33
27
11
21
21
10
14
10
27
27
18
18
23
17
15
31
25
6
26
22
4
14
17
0
25
25
1
21
21
19
0
21
16
35
15
13
4
27
21
5
15
1
26
35
4
20
35
16
11
11
9
4
17
26
31
15
15
11
31
31
3
6
16
22
28
28
19
6
22
5
26
1
4
35
6
32
32
8
32
25
25
1
28
33
7
9
27
33
31
1
26
7
1
4
30
30
23
35
4
30
10
10
25
2
5
20
25
36
36
18
25
25
26
29
29
2
24
7
3
25
25
20
18
21
21
1
5
19
12
24
7
7
18
25
24
25
10
30
23
18
26
14
19
30
35
15
20
23
3
31
4
22
10
11
11
25
15
1
17
20
2
33
12
3
26
26
8
19
30
31
9