10
6
19
25
3
12
6
18
18
26
3
7
0
11
30
15
30
17
4
11
0
24
24
13
22
28
14
23
7
35
7
6
27
32
16
26
12
18
18
10
17
6
4
13
26
13
25
3
27
14
3
15
0
6
7
9
14
2
18
33
24
8
20
11
30
5
34
35
8
3
29
29
1
5
24
21
21
27
27
23
4
9
9
28
1
4
18
28
16
12
8
23
3
30
14
3
36
13
34
22
3
9
18
28
28
18
6
8
25
15
23
6
7
1
31
22
12
31
12
19
25
25
26
8
20
7
21
21
21
15
8
8
9
19
14
32
1
5
0
25
10
16
13
17
36
22
7
1
28
5
27
22
6
32
27
34
22
36
36
4
23
22
10
6
25
1
12
20
28
28
10
20
20
32
3
4
26
19
27
27
15
1
25
35
30
18
18
27
29
32
15
20
34
19
28
19
4
22
5
34
32
16
12
31
34
21
33
13
30
31
31
16
19
21
0
34
21
7
7
5
34
6
31
23
16
36
34
34
13
1
34
25
14
32
7
11
33
6
7
8
28
11
11
34
4
26
8
1
20
32
21
23
34
17
25
25
5
32
34
34
1
17
10
35
23
1
5
23
36
11
30
5
3
20
9
20
33
34
18
31
5
12
8
22
5
2
29
18
12
12
28
28
18
25
11
36
27
23
9
32
11
11
5
27
27
15
23
35
17
12
12
35
16
13
33
15
4
32
30
1
10
10
32
14
16
16
32
29
31
19
30
20
18
18
21
31
31
22
34
19
5
2
28
29
22
21
13
27
21
3
30
0
29
18
17
27
9
21
21
33
12
23
12
3
8
19
27
31
35
26
29
29
19
0
12
34
19
17
5
24
24
25
34
1
0
4
22
4
14
26
30
31
36
29
14
5
22
36
24
18
10
13
4
25
25
29
