14
5
28
25
17
5
2
24
5
26
14
8
1
16
9
4
3
5
31
30
4
13
35
23
23
1
19
24
28
5
29
2
10
4
7
36
20
23
0
3
8
12
0
21
19
20
3
22
32
20
5
26
3
13
35
5
24
12
5
30
34
24
26
27
31
14
26
18
28
11
11
24
20
21
18
17
10
8
15
33
18
31
18
20
8
15
7
26
15
21
14
2
27
3
18
2
27
31
14
17
34
6
0
32
1
17
2
31
26
27
16
15
5
30
17
5
15
26
14
35
8
5
23
11
26
25
1
1
19
17
30
2
29
32
36
3
15
0
14
9
15
7
11
5
10
26
32
9
29
20
33
27
33
24
19
20
36
34
12
35
36
6
9
32
3
17
10
5
32
18
34
29
20
17
22
11
20
7
29
35
33
15
5
9
17
17
10
7
21
27
18
18
24
2
17
19
8
6
16
13
