23
27
31
5
1
20
14
6
34
23
10
2
35
16
17
14
31
22
7
25
9
33
18
9
35
29
14
9
7
8
34
11
8
8
20
26
2
22
9
24
26
35
35
30
21
34
2
14
19
19
13
34
3
16
19
9
9
29
12
21
17
17
24
10
30
8
31
28
10
13
31
25
20
7
7
30
32
24
0
21
27
31
31
29
29
25
25
13
13
29
29
7
8
18
30
7
10
27
4
19
32
2
11
3
16
16
10
27
16
16
6
36
18
8
5
35
25
22
24
22
28
33
31
9
9
18
30
31
8
15
8
35
28
34
25
16
20
26
9
22
24
20
0
1
24
35
35
16
0
24
8
33
27
8
28
21
7
7
13
27
10
15
19
11
25
25
36
36
22
29
3
9
18
29
12
19
8
26
6
2
30
28
19
36
34
13
13
30
15
9
29
9
33
33
6
11
27
12
3
20
28
20
20
5
9
17
17
6
15
27
10
11
11
20
30
34
2
14
25
2
16
16
8
15
24
4
12
6
7
30
4
25
25
31
26
33
27
11
21
21
10
14
10
27
27
18
18
23
17
15
31
25
6
26
22
4
14
17
0
25
25
1
21
21
19
0
21
16
35
15
13
4
27
21
5
15
1
26
35
4
20
35
16
11
11
9
4
17
26
31
15
15
11
31
31
3
6
16
22
28
28
19
6
22
5
26
1
4
35
6
32
32
8
32
25
25
1
28
33
7
9
27
33
31
1
26
7
1
4
30
30
23
35
4
30
10
10
25
2
5
20
25
36
36
18
25
25
26
29
29
2
24
7
3
25
25
20
18
21
21
1
5
19
12
24
7
7
18
25
24
25
10
30
23
18
26
14
19
30
35
15
20
23
3
31
4
22
10
11
11
25
15
1
17
20
2
33
12
3
26
26
8
19
30
31
9
