1
31
34
36
33
4
36
36
14
20
27
29
20
13
28
22
19
26
26
13
14
22
12
12
1
25
32
6
9
9
33
12
6
24
24
6
35
2
2
21
23
6
21
32
30
33
8
28
27
25
34
21
31
31
30
2
22
1
7
20
27
35
28
17
19
19
9
29
9
7
36
23
22
7
24
18
22
29
21
5
2
34
24
13
3
19
29
4
0
33
7
7
20
3
34
27
10
13
26
24
30
1
31
20
2
32
19
24
24
22
23
17
34
15
24
35
19
4
22
19
34
25
25
35
20
6
28
27
5
15
36
16
14
25
12
8
8
19
23
3
7
11
4
23
25
19
22
36
28
31
26
3
9
8
13
13
10
34
12
15
22
0
7
7
7
3
30
11
36
36
28
16
14
10
20
33
23
9
25
31
8
32
11
13
7
14
33
16
23
23
24
18
8
29
0
10
10
36
33
26
23
6
1
7
6
3
23
6
1
26
26
33
28
8
28
34
7
2
34
34
32
14
24
24
11
9
5
10
22
9
17
4
25
22
25
25
8
4
5
16
24
36
36
13
35
3
0
5
0
19
29
1
11
35
11
27
27
11
29
13
10
28
16
18
35
13
20
19
34
21
33
12
5
12
32
31
31
32
0
26
29
2
4
5
21
4
4
35
31
28
8
6
34
12
5
22
22
18
36
5
28
9
9
16
16
31
28
6
17
15
5
33
6
13
20
13
26
34
22
4
35
27
17
3
22
26
12
33
11
0
16
16
33
21
5
1
16
16
36
14
28
11
33
10
12
12
26
22
14
29
35
16
10
10
6
27
23
26
7
29
0
23
35
35
26
32
13
13
5
17
24
28
28
9
9
1
12
16
4
28
28
13
22
34
14
7
25
3
9
9
36
0
34
34
34
1
35
26
