35
6
27
21
22
9
6
24
17
24
7
35
10
18
20
15
9
29
34
8
20
10
7
22
4
27
31
1
10
12
33
26
34
6
33
10
23
26
4
4
19
36
31
30
31
30
26
0
8
25
19
31
12
35
9
29
29
35
8
30
2
27
0
21
21
32
27
20
28
28
9
7
34
7
0
13
29
35
23
35
18
21
21
27
26
21
21
35
22
18
31
34
5
2
4
36
29
17
28
29
28
21
9
12
12
35
8
28
35
32
20
25
25
25
4
19
19
24
10
23
24
11
5
9
32
36
3
11
11
25
25
16
23
2
3
4
1
27
17
6
35
35
27
27
31
1
16
33
15
23
23
28
24
33
15
24
28
18
27
34
21
25
23
13
6
29
18
14
25
12
20
7
29
23
23
10
1
2
9
9
36
5
36
26
27
36
2
36
11
36
36
6
33
24
10
27
31
17
13
18
2
35
35
7
0
31
31
8
32
32
7
9
9
8
32
21
9
8
17
2
2
16
34
26
17
4
35
5
22
22
5
22
31
18
15
36
13
36
2
26
26
34
34
4
19
25
34
22
19
33
3
4
15
27
0
25
25
35
31
4
20
5
30
35
20
18
18
20
7
7
17
30
22
20
24
27
27
14
31
29
31
8
1
17
0
35
9
9
22
11
11
30
5
7
19
26
16
16
4
33
5
36
32
26
36
36
11
11
17
15
36
20
8
7
2
4
4
4
3
0
19
7
7
9
8
26
26
13
13
1
19
2
30
9
32
32
35
20
31
14
12
18
32
36
33
10
26
26
5
3
24
24
26
15
27
26
35
35
17
26
3
31
31
35
20
13
14
33
22
33
28
22
0
28
2
30
28
20
2
32
22
36
29
34
32
6
16
13
10
16
29
4
18
33
20
20
15
19
32
25
25
19
3
14
18
26
26
5
1
25
5
14
27
24
24
31
2
22
16
28
8
22
22
3
32
13
17
12
30
13
13
29
29
29
14
32
30
36
25
16
24
24
0
14
3
9
33
0
14
31
31
28
10
3
7
24
9
26
33
16
7
31
31
7
3
23
17
17
6
3
36
36
20
19
7
33
14
20
19
7
25
31
33
26
3
31
0
16
2
8
34
13
33
23
1
28
31
30
8
13
13
11
0
8
0
9
9
4
1
22
33
1
16
31
31
14
10
36
3
1
36
4
1
35
35
17
7
26
26
18
30
32
8
8
16
29
19
10
31
24
24
30
6
20
30
36
4
31
30
31
14
34
19
32
23
18
34
14
1
31
25
26
10
21
21
27
14
32
27
16
29
27
25
30
27
36
0
3
31
31
15
9
14
29
23
29
4
35
0
27
26
20
27
22
17
11
11
36
11
11
1
16
28
10
1
4
7
22
10
15
17
35
17
22
26
35
30
35
35
29
33
36
13
24
36
11
20
4
8
18
18
31
18
22
18
32
2
20
16
18
23
7
5
24
24
34
10
27
36
14
12
0
34
31
0
30
23
23
23
12
28
28
20
29
21
15
16
32
11
5
9
0
9
1
33
3
31
20
7
5
18
24
3
36
1
17
12
31
31
12
35
28
35
29
0
2
35
30
26
12
27
29
29
20
19
24
11
3
20
26
17
33
35
5
5
28
0
17
29
16
16
19
21
30
3
22
27
27
31
14
11
11
16
23
1
5
16
0
5
4
34
14
13
9
32
5
15
32
34
10
30
27
27
15
36
25
19
6
7
21
2
1
10
4
4
36
7
16
21
35
3
9
23
12
29
29
16
2
2
13
5
5
33
24
24
19
1
30
11
26
32
32
1
0
5
25
27
9
10
29
30
19
24