35
6
27
21
22
9
6
24
17
24
7
35
10
18
20
15
9
29
34
8
20
10
7
22
4
27
31
1
10
12
33
26
34
6
33
10
23
26
4
4
19
36
31
30
31
30
26
0
8
25
19
31
12
35
9
29
29
35
8
30
2
27
0
21
21
32
27
20
28
28
9
7
34
7
0
13
29
35
23
35
18
21
21
27
26
21
21
35
22
18
31
34
5
2
4
36
29
17
28
29
28
21
9
12
12
35
8
28
35
32
20
25
25
25
4
19
19
24
10
23
24
11
5
9
32
36
3
11
11
25
25
16
23
2
3
4
1
27
17
6
35
35
27
27
31
1
16
33
15
23
23
28
24
33
15
24
28
18
27
34
21
25
23
13
6
29
18
14
25
12
20
7
29
23
23
10
1
2
9
9
36
5
36
26
27
36
2
36
11
36
36
6
33
24
10
27
31
17
13
18
2
35
35
7
0
31
31
8
32
32
7
9
9
8
32
21
9
8
17
2
2
16
34
26
17
4
35
5
22
22
5
22
31
18
15
36
13
36
2
26
26
34
34
4
19
25
34
22
19
33
3
4
15
27
0
25
25
35
31
4
20
5
30
35
20
18
18
20
7
7
17
30
22
20
24
27
27
14
31
29
31
8
1
17
0
35
9
9
22
11
11
30
5
7
19
26
16
16
4
33
5
36
32
26
36
36
11
11
17
15
36
20
8
7
2
4
4
4
3
0
19
7
7
9
8
26
26
13
13
1
19
2
30
9
32
32
35
20
31
14
12
18
32
36
33
10
26
26
5
3
24
24
26
15
27
26
35
35
17
26
3
31
31
35
20
13
14
33
22
33
28
22
0
28
2
30
28
20
2
32
22
36
29
34
32
6
16
13
10
16
29
4
18
33
20
20
15
19
