32
25
25
19
3
14
18
26
26
5
1
25
5
14
27
24
24
31
2
22
16
28
8
22
22
3
32
13
17
12
30
13
13
29
29
29
14
32
30
36
25
16
24
24
0
14
3
9
33
0
14
31
31
28
10
3
7
24
9
26
33
16
7
31
31
7
3
23
17
17
6
3
36
36
20
19
7
33
14
20
19
7
25
31
33
26
3
31
0
16
2
8
34
13
33
23
1
28
31
30
8
13
13
11
0
8
0
9
9
4
1
22
33
1
16
31
31
14
10
36
3
1
36
4
1
35
35
17
7
26
26
18
30
32
8
8
16
29
19
10
31
24
24
30
6
20
30
36
4
31
30
31
14
34
19
32
23
18
34
14
1
31
25
26
10
21
21
27
14
32
27
16
29
27
25
30
27
36
0
3
31
31
15
9
14
29
23
29
4
35
0
27
26
20
27
22
17
11
11
36
11
11
1
16
28
10
1
4
7
22
10
15
17
35
17
22
26
35
30
35
35
29
33
36
13
24
36
11
20
4
8
18
18
31
18
22
18
32
2
20
16
18
23
7
5
24
24
34
10
27
36
14
12
0
34
31
0
30
23
23
23
12
28
28
20
29
21
15
16
32
11
5
9
0
9
1
33
3
31
20
7
5
18
24
3
36
1
17
12
31
31
12
35
28
35
29
0
2
35
30
26
12
27
29
29
20
19
24
11
3
20
26
17
33
35
5
5
28
0
17
29
16
16
19
21
30
3
22
27
27
31
14
11
11
16
23
1
5
16
0
5
4
34
14
13
9
32
5
15
32
34
10
30
27
27
15
36
25
19
6
7
21
2
1
10
4
4
36
7
16
21
35
3
9
23
12
29
29
16
2
2
13
5
5
33
24
24
19
1
30
11
26
32
32
1
0
5
25
27
9
10
29
30
19
24
34
32
12
11
28
5
17
6
14
23
9
18
19
21
7
7
28
28
5
2
35
18
18
15
3
8
26
21
17
17
12
20
15
14
17
5
8
31
36
13
12
14
27
28
17
3
36
1
14
13
11
32
23
34
27
34
28
14
17
17
31
18
25
5
13
20
21
29
23
20
36
15
3
28
15
13
13
8
33
29
33
10
31
2
15
24
24
13
8
19
21
32
17
7
35
32
12
9
3
3
18
18
22
11
6
0
16
13
10
10
22
33
22
30
32
25
13
5
19
22
21
30
13
27
36
6
30
11
11
25
12
35
35
30
1
0
30
3
4
4
32
12
24
33
7
8
22
23
11
20
14
17
19
35
2
6
6
2
22
29
16
15
8
14
24
18
0
14
33
35
20
11
11
24
24
13
28
2
2
36
36
2
16
27
27
11
5
24
7
15
22
22
16
28
19
25
25
5
36
5
7
7
17
16
10
10
36
34
34
22
1
7
28
12
8
29
28
8
10
27
2
21
36
35
14
31
30
29
34
30
10
26
5
31
28
10
32
7
22
2
17
11
1
34
23
21
28
32
15
34
31
31
8
30
1
7
29
24
24
29
32
6
10
23
29
12
1
8
32
25
19
30
9
9
14
12
12
35
11
14
30
36
21
34
17
6
12
19
13
16
5
22
16
17
5
13
13
15
14
19
33
35
7
24
33
7
7
34
33
35
25
25
20
26
5
35
31
5
16
28
9
9
2
9
23
29
12
14
3
35
10
6
36
1
12
33
22
11
16
36
3
8
21
6
16
5
33
23
36
3
1
33
34
30
15
17
11
34
9
19
18
18
35
10
5
6
34
4
12
6
29
9
31
9
9
29
9
12
12
23
23
1
20
3
0
18
34
7
11
11
21
4
22
12
12
5
6
5
33