34
32
12
11
28
5
17
6
14
23
9
18
19
21
7
7
28
28
5
2
35
18
18
15
3
8
26
21
17
17
12
20
15
14
17
5
8
31
36
13
12
14
27
28
17
3
36
1
14
13
11
32
23
34
27
34
28
14
17
17
31
18
25
5
13
20
21
29
23
20
36
15
3
28
15
13
13
8
33
29
33
10
31
2
15
24
24
13
8
19
21
32
17
7
35
32
12
9
3
3
18
18
22
11
6
0
16
13
10
10
22
33
22
30
32
25
13
5
19
22
21
30
13
27
36
6
30
11
11
25
12
35
35
30
1
0
30
3
4
4
32
12
24
33
7
8
22
23
11
20
14
17
19
35
2
6
6
2
22
29
16
15
8
14
24
18
0
14
33
35
20
11
11
24
24
13
28
2
2
36
36
2
16
27
27
11
5
24
7
15
22
22
16
28
19
25
25
5
36
5
7
7
17
16
10
10
36
34
34
22
1
7
28
12
8
29
28
8
10
27
2
21
36
35
14
31
30
29
34
30
10
26
5
31
28
10
32
7
22
2
17
11
1
34
23
21
28
32
15
34
31
31
8
30
1
7
29
24
24
29
32
6
10
23
29
12
1
8
32
25
19
30
9
9
14
12
12
35
11
14
30
36
21
34
17
6
12
19
13
16
5
22
16
17
5
13
13
15
14
19
33
35
7
24
33
7
7
34
33
35
25
25
20
26
5
35
31
5
16
28
9
9
2
9
23
29
12
14
3
35
10
6
36
1
12
33
22
11
16
36
3
8
21
6
16
5
33
23
36
3
1
33
34
30
15
17
11
34
9
19
18
18
35
10
5
6
34
4
12
6
29
9
31
9
9
29
9
12
12
23
23
1
20
3
0
18
34
7
11
11
21
4
22
12
12
5
6
5
33
