5
16
35
7
15
28
35
14
22
30
32
24
12
25
14
10
26
1
31
31
0
16
19
22
21
4
9
30
4
29
23
19
18
16
24
13
12
12
31
24
31
31
29
9
10
11
11
6
6
16
18
2
35
18
26
17
17
7
13
13
35
11
29
29
8
14
32
14
5
15
10
35
7
6
14
27
27
23
20
18
23
20
22
2
20
3
31
31
31
32
10
31
34
1
12
32
21
22
27
27
10
16
32
13
23
34
23
23
30
15
32
36
29
21
5
16
17
17
16
13
32
36
13
8
16
3
20
10
16
28
28
12
32
19
20
18
18
1
19
26
35
30
14
9
23
19
5
35
15
7
21
12
36
8
27
12
2
18
18
0
23
17
36
17
11
18
12
33
16
23
32
31
10
29
34
11
24
2
6
21
21
10
0
14
35
6
15
8
17
17
28
14
7
35
14
6
12
32
24
5
1
9
26
13
35
2
3
29
29
8
12
12
15
11
9
18
16
13
25
9
6
24
24
12
12
8
28
34
11
11
22
33
6
1
15
7
36
36
35
7
36
17
31
13
19
13
24
1
1
22
1
6
21
21
10
18
7
28
8
5
0
29
21
7
33
5
34
11
12
21
22
36
0
29
29
8
34
5
5
22
30
4
25
6
17
36
14
36
8
3
14
8
8
30
2
18
30
2
13
33
3
5
5
34
3
25
17
23
23
8
3
29
13
21
29
1
7
28
19
19
13
20
34
31
10
1
36
17
36
36
12
12
8
23
4
0
30
13
18
18
32
4
32
9
26
28
14
15
26
0
29
17
30
15
17
12
10
3
25
25
20
23
12
30
33
18
5
25
27
2
19
33
14
30
2
9
25
23
34
28
36
22
25
36
9
9
27
24
15
0
17
15
25
30
1
10
11
4
28
28
4
32
