12
2
17
26
21
21
27
2
15
1
34
11
16
26
22
2
2
12
7
16
10
17
31
4
4
25
24
1
14
35
36
2
21
2
24
24
18
34
28
26
29
30
24
24
6
0
15
25
35
5
30
35
35
36
5
12
20
15
0
11
11
4
9
5
33
36
5
30
19
11
6
6
26
26
16
16
5
15
3
31
1
9
4
4
10
10
13
35
2
17
13
12
12
34
11
11
15
1
10
32
7
2
12
14
32
22
18
18
30
12
34
32
14
1
34
14
30
34
3
28
9
23
36
24
27
24
2
5
1
35
18
14
29
24
7
16
20
36
7
21
18
9
11
3
29
6
32
7
4
34
6
7
24
27
29
22
26
22
18
31
14
28
29
24
3
5
24
24
31
24
21
24
30
23
19
19
24
34
5
24
33
8
5
18
33
9
20
28
22
7
23
23
18
34
29
10
10
8
30
15
30
9
14
29
22
12
31
35
14
14
32
35
10
21
27
27
31
31
22
18
30
22
35
0
22
33
33
23
20
6
22
13
8
8
5
17
22
6
19
19
12
28
11
30
19
35
2
27
10
35
12
10
24
30
2
30
1
11
34
10
7
14
29
29
10
30
12
27
3
25
25
32
15
10
21
21
21
21
12
12
35
35
30
9
1
8
24
24
35
26
5
6
6
17
4
1
20
34
12
12
13
4
12
22
22
20
19
4
25
8
18
3
32
32
5
16
8
0
26
4
9
23
35
11
7
28
34
20
35
21
13
36
17
22
33
25
19
14
8
6
31
23
9
36
22
34
32
36
15
35
25
9
5
32
0
28
29
16
11
2
23
12
4
36
32
20
13
13
30
27
17
6
6
29
