30
0
19
27
15
14
4
16
15
8
21
2
19
16
25
32
36
0
5
3
10
32
4
5
16
16
16
28
31
4
12
29
31
9
15
29
30
2
1
1
3
21
25
14
31
34
29
31
36
36
2
20
14
3
17
3
23
2
24
36
16
5
28
16
16
11
31
4
18
28
1
31
31
18
16
28
1
34
19
34
32
3
2
26
11
9
14
8
28
16
32
35
20
0
33
29
9
2
29
22
22
25
25
20
18
10
11
17
1
10
32
5
0
10
27
14
26
3
27
27
0
0
7
11
35
2
35
8
3
21
31
9
6
31
8
10
18
35
11
11
31
9
8
8
7
5
35
36
27
27
23
16
13
25
33
31
31
17
1
3
9
13
11
1
26
26
28
20
18
18
32
13
10
25
14
28
28
26
17
2
6
12
12
25
23
16
16
5
26
17
19
15
28
6
26
4
16
12
10
15
0
17
15
2
7
36
15
14
0
13
20
33
33
31
4
20
12
28
17
27
27
14
32
34
26
32
8
17
3
4
7
19
8
27
30
12
12
1
22
3
29
21
21
25
27
27
14
13
32
4
1
24
11
24
11
1
9
27
23
2
2
23
11
10
32
32
5
7
14
32
30
23
3
23
11
28
16
26
6
6
36
0
36
4
31
21
0
34
32
3
17
29
21
21
2
9
31
9
23
33
17
36
36
6
5
7
6
24
20
30
0
19
4
18
33
26
5
8
35
35
2
21
8
0
22
3
3
21
35
26
16
16
5
3
7
25
11
11
3
24
32
4
3
7
31
25
5
13
22
15
25
2
10
5
0
4
16
26
26
6
35
15
23
23
34
6
1
16
16
9
0
17
9
25
33
19
27
32
35
18
8
26
30
4
28
28
32
11
12
3
12
21
7
32
9
5
20
2
28
28
