21
2
7
20
32
19
35
12
24
27
14
29
10
33
33
31
28
22
34
34
28
12
10
11
8
10
4
4
23
17
6
7
33
28
15
10
11
29
7
14
12
28
28
7
7
15
22
27
10
10
10
30
3
26
20
18
15
21
10
29
15
14
31
18
18
10
23
7
7
27
15
17
23
23
21
18
24
14
19
34
25
2
15
7
0
32
30
18
4
19
26
1
4
35
17
10
20
19
23
9
31
14
9
6
18
35
12
8
35
11
28
8
19
6
26
23
22
21
25
36
24
34
24
18
28
4
36
25
25
8
26
21
19
26
9
33
27
9
7
17
19
16
0
34
21
36
32
21
16
12
12
19
13
6
31
30
19
32
12
18
13
9
12
6
15
29
26
24
31
8
21
2
15
33
32
35
36
5
28
5
0
19
35
14
20
35
25
32
5
14
17
27
16
31
3
16
6
10
10
6
18
9
2
19
10
35
29
3
34
5
11
1
18
34
14
7
7
36
22
4
4
18
6
35
4
9
2
22
15
0
13
8
12
12
33
27
23
23
2
2
8
10
27
33
19
29
19
0
8
17
11
11
15
23
14
0
31
19
8
17
26
33
36
9
22
1
15
31
12
12
25
9
36
35
18
22
14
1
26
13
13
26
35
33
18
30
4
28
28
9
13
11
11
18
23
35
8
2
18
19
17
13
35
11
11
12
30
13
8
9
16
7
27
34
20
22
16
24
19
15
19
6
21
27
4
0
33
23
29
25
13
31
32
13
30
19
2
23
13
23
16
5
2
20
35
2
12
30
17
25
7
22
33
23
20
33
23
22
36
36
21
29
29
30
13
24
24
28
15
4
26
13
5
36
3
10
28
22
26
21
10
8
25
1
36
33
11
7
7
10
22
15
2
22
0
18
26
36
13
