9
9
36
14
18
3
5
10
28
8
9
18
18
30
25
28
16
16
9
36
36
10
33
33
10
10
6
30
6
29
24
3
33
22
15
6
13
9
29
29
29
18
33
31
8
28
29
17
20
32
2
9
9
30
5
0
30
23
19
30
33
32
7
36
20
12
15
32
26
26
12
9
35
26
19
23
11
31
16
16
22
27
19
16
19
7
31
31
7
11
11
6
31
8
4
35
20
29
16
16
28
12
18
36
2
27
27
27
20
5
29
5
8
7
29
29
24
24
5
36
21
31
0
35
35
8
12
5
15
19
15
32
36
23
9
11
11
11
10
28
13
11
16
30
1
32
25
19
10
25
0
36
5
11
28
23
23
7
1
2
15
35
35
27
24
22
2
8
26
20
30
20
28
11
7
14
11
11
36
36
7
28
9
9
7
17
19
9
23
21
8
14
31
6
14
4
6
34
22
3
26
4
5
17
30
27
6
1
29
33
35
13
9
9
6
36
9
31
10
16
16
16
19
5
15
20
12
26
19
28
21
6
19
26
28
17
28
10
20
15
4
2
5
17
5
1
19
18
12
10
14
20
34
22
5
8
33
16
4
33
21
11
11
14
4
6
35
11
2
25
25
25
25
35
27
31
1
2
7
9
33
9
17
27
27
22
12
4
12
7
15
23
23
4
21
1
26
22
5
3
33
21
21
26
11
19
32
15
31
2
4
35
33
11
19
17
0
36
17
22
26
11
13
13
29
0
21
27
22
12
30
30
11
28
4
30
2
30
15
26
18
36
29
29
4
22
26
11
1
11
24
24
15
34
4
10
6
4
23
33
20
23
28
28
18
1
3
31
31
35
26
21
22
36
32
13
8
29
23
1
0
12
12
33
29
29
21
35
35
36
25
18
18
33
21
20
3
0
34
35
36
35
32
28
25
5
27
20
25
