16
36
35
35
34
25
20
3
16
30
16
33
30
6
12
12
24
5
10
17
20
17
6
27
32
7
33
17
26
9
27
10
16
30
22
18
10
18
0
27
29
36
6
29
29
22
32
14
2
23
23
27
27
31
3
12
20
21
11
15
8
31
0
22
12
31
28
28
3
14
10
3
26
26
34
1
33
28
13
20
3
33
16
36
10
20
0
33
32
6
27
27
9
12
29
19
22
30
17
7
14
22
31
19
29
19
1
26
11
1
1
30
23
21
2
20
17
26
31
20
36
22
0
5
28
36
36
19
32
6
25
25
13
2
18
18
31
25
31
27
17
25
4
16
23
13
32
36
20
14
35
15
8
17
17
3
4
4
13
21
3
20
25
28
17
1
22
34
24
24
9
31
31
28
19
10
23
4
1
26
31
33
19
19
29
29
34
20
11
8
24
12
18
19
15
23
23
6
10
22
9
31
31
14
12
33
30
29
22
22
4
35
22
3
9
34
3
14
4
4
24
30
30
25
31
24
24
11
1
24
35
32
34
22
35
33
5
26
14
10
6
32
13
5
32
29
1
26
1
23
15
15
7
4
30
5
5
7
33
11
11
23
2
29
2
4
10
12
1
0
25
32
18
10
11
24
4
0
34
18
18
7
27
34
6
26
30
10
11
11
20
26
26
10
33
30
11
11
3
1
32
10
28
20
22
15
6
9
9
28
2
9
14
7
26
32
3
23
4
4
13
0
24
13
19
0
33
20
9
31
18
3
20
26
25
29
29
15
13
13
32
1
20
2
18
25
29
33
13
28
7
7
16
16
29
22
3
1
1
7
32
14
29
7
7
34
6
25
25
36
24
32
33
36
22
13
2
24
21
15
10
1
15
25
17
33
20
36
16
30
31
31
17
36
16
24
24
28
16
25
