35
35
10
5
24
6
36
22
16
16
1
33
25
21
19
31
15
20
26
30
25
25
27
32
5
9
18
18
34
24
8
30
21
17
21
9
19
35
4
14
32
27
2
24
9
14
33
2
4
33
23
31
16
7
1
21
21
21
34
27
14
16
19
4
1
29
4
17
26
13
3
0
26
35
5
7
12
13
13
19
10
1
24
6
5
31
17
17
32
30
17
33
12
18
21
22
31
26
0
14
21
27
17
27
27
6
14
3
36
34
15
9
23
15
35
4
25
25
5
6
30
35
7
10
17
4
31
2
21
34
34
24
24
11
31
31
35
5
20
35
16
20
0
36
32
11
19
11
5
13
34
19
21
30
3
21
30
30
18
25
3
17
2
22
16
29
19
19
14
12
6
13
13
10
12
19
27
27
17
17
30
18
28
18
16
16
24
8
8
29
29
3
35
29
18
32
8
11
3
26
7
10
27
34
33
27
12
12
11
14
5
16
16
1
7
17
35
35
1
6
13
13
13
32
17
7
17
13
33
20
30
35
28
16
18
28
28
0
34
9
27
15
16
16
25
27
25
36
16
17
29
10
31
1
2
2
5
12
0
16
20
6
17
8
15
9
2
7
11
14
31
23
4
4
14
8
0
16
16
10
23
23
35
15
28
35
8
33
32
9
9
11
9
9
33
4
32
0
12
19
0
2
26
9
28
12
9
36
2
26
29
20
24
20
33
5
14
30
7
18
6
1
2
10
10
5
33
2
22
23
21
16
33
2
10
29
26
18
32
30
15
18
2
23
4
21
36
36
18
18
3
24
10
15
33
6
20
26
28
30
3
30
15
13
29
2
14
28
27
7
13
32
10
10
3
7
24
24
9
12
30
6
12
35
13
34
18
18
29
14
4
14
3
23
27
13
5
34
19
5
4
17
19
11
11
7
