36
31
36
0
11
11
30
15
35
30
4
18
24
19
13
10
7
36
27
12
12
29
29
2
16
18
14
1
29
29
26
19
14
19
17
10
20
8
2
35
35
11
1
15
22
4
2
36
24
14
18
9
18
5
32
0
15
25
22
9
9
26
30
27
19
1
23
28
3
33
31
3
28
20
4
26
8
33
18
18
8
10
18
5
35
1
22
22
24
24
5
36
36
34
33
10
30
10
1
28
24
23
23
18
2
35
31
27
3
13
29
32
2
13
5
13
0
35
32
13
9
9
23
20
21
4
34
14
16
17
27
27
12
16
16
16
3
9
1
33
18
36
25
14
7
23
3
7
15
19
31
2
26
18
18
19
6
19
19
29
2
8
25
23
32
2
21
21
25
1
21
2
10
13
4
4
29
7
22
2
25
4
16
7
0
5
17
14
3
29
6
10
35
34
0
20
22
18
18
35
35
6
10
10
27
13
9
26
23
33
2
4
8
9
18
27
23
23
27
27
9
12
1
5
5
8
21
32
15
12
16
35
14
24
15
32
15
21
21
0
9
5
13
36
8
4
5
12
15
21
18
18
33
30
7
23
21
4
19
7
32
23
23
12
19
19
24
24
4
13
28
26
3
2
3
18
32
2
5
0
24
14
35
10
26
18
20
0
22
20
3
30
4
4
25
25
12
19
36
32
12
12
8
6
29
2
30
6
23
10
15
18
25
5
18
15
36
6
29
27
0
28
9
10
17
15
20
4
6
22
16
25
21
25
16
35
24
18
34
29
29
14
5
16
21
16
24
3
5
19
15
22
20
12
10
12
12
19
36
30
7
3
17
6
12
31
4
9
30
31
13
33
8
2
20
0
16
34
31
1
3
35
30
1
9
17
26
24
10
2
2
22
31
31
15
