21
11
11
12
7
28
28
13
16
10
30
7
2
25
10
33
35
3
14
36
9
20
5
15
23
9
9
28
28
9
24
30
11
11
26
19
26
27
11
13
25
1
12
12
7
3
7
25
25
15
23
21
27
3
23
14
7
28
9
23
9
13
2
30
1
3
8
26
16
18
24
24
5
26
35
12
24
10
6
36
27
27
24
15
10
17
36
16
34
1
6
9
25
8
18
18
34
4
26
11
32
15
14
28
26
22
4
17
10
26
16
21
24
31
31
4
18
18
3
33
19
16
21
22
32
1
30
0
28
30
26
32
27
0
14
7
19
24
8
21
27
32
21
28
26
24
0
3
31
22
26
26
28
0
28
28
26
25
15
12
15
9
8
25
33
23
2
31
27
28
0
0
0
26
26
36
12
12
32
5
0
35
30
24
24
5
21
23
4
35
5
18
27
27
10
5
22
21
21
24
4
4
1
31
16
28
17
27
4
4
11
23
23
6
29
7
34
19
15
23
24
4
27
25
25
26
16
12
0
18
14
31
32
10
26
24
24
0
17
5
33
14
24
30
25
30
29
6
25
0
30
11
19
32
14
4
6
25
24
22
25
5
1
25
24
17
17
4
4
19
20
0
35
18
33
10
8
4
10
33
23
29
15
10
10
31
31
14
11
31
27
11
36
24
9
9
28
16
27
21
17
3
10
10
8
34
26
26
15
18
27
13
25
22
33
32
33
35
11
18
19
8
28
33
20
20
29
17
34
25
31
36
26
26
4
3
35
33
27
17
29
8
6
19
21
21
20
5
23
18
18
17
32
27
34
1
25
12
23
14
19
8
28
15
35
20
12
12
18
29
0
10
28
9
35
5
34
22
25
27
29
29
22
27
18
33
12
3
0
16
5
26
29
27
18
25
5
27
32
16
33
