21
36
3
8
25
25
27
25
36
36
25
23
2
23
8
3
5
28
17
31
14
28
24
1
32
27
24
5
23
23
11
8
25
9
32
20
21
1
18
15
6
2
5
31
31
29
29
6
10
26
9
28
28
22
28
11
11
20
2
21
29
4
23
16
29
12
15
18
16
4
4
1
8
31
3
15
30
14
21
11
8
36
28
3
9
16
18
34
36
0
32
27
24
23
31
31
26
31
1
30
16
5
27
27
34
1
22
8
4
21
19
32
7
17
13
34
27
27
25
15
2
31
10
10
16
29
29
4
5
32
26
10
4
27
35
2
21
16
4
4
19
14
8
4
33
25
5
25
31
31
36
22
4
23
23
2
18
21
24
27
34
22
30
3
20
11
6
9
23
5
18
3
1
25
25
11
11
4
4
11
34
7
35
14
11
31
31
7
23
11
36
11
23
6
24
11
11
22
1
31
31
12
9
17
33
16
33
30
27
27
5
3
14
16
18
14
32
22
2
24
29
22
7
0
16
7
28
21
21
15
1
30
11
18
24
24
6
24
4
32
16
1
19
4
0
27
19
24
26
4
25
10
3
27
34
30
36
8
8
27
4
15
5
20
21
21
30
29
2
25
3
6
14
9
9
10
10
0
14
21
7
7
30
25
36
20
28
31
33
16
16
0
2
4
36
36
36
30
5
2
3
1
28
5
24
13
7
18
20
23
23
18
1
23
14
19
33
2
12
2
32
4
16
16
4
4
31
25
24
18
18
8
26
25
24
24
3
27
35
19
19
11
18
18
29
19
5
8
31
23
24
21
3
23
23
9
13
35
35
29
35
35
35
21
18
6
35
7
13
14
31
11
11
11
26
16
11
20
19
33
28
19
0
30
9
9
7
6
26
14
16
24
24
6
5
12
11
11
