10
5
11
15
8
8
16
27
32
27
13
24
3
2
22
27
27
1
36
25
15
6
6
22
33
14
33
29
1
7
20
21
21
0
20
35
1
21
24
12
14
18
18
13
13
22
0
7
6
6
13
35
31
19
24
24
25
12
12
12
2
5
24
20
6
9
34
35
18
4
10
7
23
6
2
23
14
5
24
13
25
30
16
8
0
18
7
28
21
7
9
13
8
23
5
34
11
3
27
8
4
28
15
9
3
28
3
30
13
36
3
31
5
32
11
11
8
29
11
31
6
29
2
2
22
15
34
32
4
19
3
30
23
12
12
32
21
21
0
26
9
33
24
31
9
12
0
0
17
17
19
19
36
0
31
12
33
24
16
34
17
13
3
11
10
27
36
13
23
24
5
6
36
2
35
19
14
19
3
8
23
18
27
24
6
29
34
4
25
5
27
21
28
1
12
0
8
32
30
17
21
20
19
12
12
25
15
33
31
31
2
26
10
1
24
30
3
29
33
17
18
18
5
14
8
30
0
12
24
24
24
24
7
2
1
16
14
16
17
29
3
35
35
11
1
21
21
6
17
12
22
12
30
5
27
9
25
25
17
7
20
4
20
31
31
15
27
27
18
20
15
2
24
33
23
14
25
20
8
14
8
17
8
12
17
31
9
26
8
18
4
14
35
23
22
20
22
27
18
5
26
26
24
24
20
7
11
20
18
21
35
34
17
16
16
9
7
1
32
10
35
21
8
0
13
3
17
33
32
31
32
27
24
22
27
31
31
6
11
4
35
3
6
25
12
1
24
8
20
19
4
1
16
26
31
35
15
8
24
24
21
33
8
30
33
34
14
6
5
12
12
28
33
31
30
6
25
32
7
26
14
15
4
12
12
6
34
35
35
31
25
12
11
11
19
31
27
12
29
32
12