5
28
6
36
12
20
33
5
27
27
17
29
22
4
9
10
35
35
4
4
15
33
0
18
36
14
17
13
36
3
29
15
28
19
17
3
0
27
32
3
8
3
4
12
22
7
8
22
30
21
14
13
13
18
18
11
5
2
23
23
35
35
28
20
35
16
21
21
9
18
32
10
22
35
30
5
13
14
26
0
22
7
9
1
9
15
15
30
36
4
16
10
31
31
35
0
5
8
5
20
25
1
15
32
8
14
33
29
6
28
30
2
14
7
19
33
34
19
15
2
9
8
8
13
13
20
36
36
10
36
22
36
36
1
20
31
17
32
0
34
33
33
20
15
32
4
34
3
0
22
34
18
23
6
6
33
6
21
21
21
21
7
17
4
30
7
7
7
7
20
21
29
11
30
16
16
12
6
11
17
10
10
32
28
32
20
24
12
12
3
10
9
31
10
10
34
15
28
26
0
1
35
8
9
4
5
5
18
2
36
13
10
10
10
2
30
4
26
27
3
28
0
3
2
15
4
24
12
12
16
13
6
28
28
12
27
19
25
31
23
23
23
36
36
35
24
2
6
29
29
4
7
21
31
17
34
8
31
30
34
11
11
11
11
7
2
12
2
6
2
10
27
1
23
1
10
6
33
27
11
11
30
33
20
34
14
5
24
24
29
6
27
24
31
15
17
27
8
34
35
23
25
36
4
35
33
11
12
12
26
28
16
28
23
32
36
15
12
36
14
17
36
0
0
32
24
28
17
17
24
30
31
30
5
25
25
2
36
1
26
14
25
31
5
10
18
20
13
33
33
12
12
35
8
24
24
23
23
16
16
12
27
31
32
1
8
35
35
30
7
28
0
7
7
29
35
35
27
33
35
25
29
32
17
28
31
11
36
0
14
3
34
9
16
24
1
36
35
13
32
34
11
24
