22
32
6
20
7
10
10
6
28
16
24
22
26
19
4
36
15
27
20
8
4
5
29
29
6
25
29
13
0
18
8
34
26
7
17
17
17
15
34
18
4
0
16
23
35
11
20
11
20
7
33
16
6
4
14
1
27
35
1
7
0
25
23
27
27
9
18
18
34
26
7
25
25
33
14
0
18
18
28
4
3
23
13
35
30
36
6
16
18
14
1
17
11
0
24
21
6
17
17
31
22
2
22
9
36
29
36
30
22
24
2
29
16
16
21
8
16
10
8
8
30
5
8
16
34
6
16
26
8
14
14
33
22
4
25
19
32
24
24
29
0
12
17
15
20
11
19
18
17
7
26
25
20
13
13
32
10
19
10
36
0
11
8
0
22
5
11
18
24
10
10
17
17
14
28
5
17
17
9
9
22
12
22
35
9
9
11
11
7
10
15
16
22
9
5
31
29
36
11
11
13
6
30
14
14
21
21
7
20
5
2
6
30
10
10
27
27
36
32
13
11
11
0
3
20
10
5
32
24
5
0
1
33
8
9
7
20
4
20
23
18
10
8
23
20
32
1
22
5
20
32
25
21
1
25
26
19
33
17
15
25
19
36
12
35
24
31
31
27
23
36
10
10
24
24
0
31
31
32
28
19
11
10
7
18
34
28
32
19
2
16
26
32
35
2
22
4
29
9
15
5
14
19
11
11
2
13
11
31
28
8
20
12
24
24
23
7
36
5
29
8
5
4
0
36
14
26
22
11
11
15
8
30
13
19
35
4
1
6
17
33
3
17
11
22
0
10
15
27
36
31
22
11
29
15
33
12
19
28
14
21
28
2
21
31
9
28
9
1
18
23
23
5
7
7
33
18
26
26
34
18
0
