14
27
15
13
5
18
18
31
34
0
17
24
17
19
10
13
16
33
25
23
16
5
32
1
18
2
2
17
3
18
18
7
34
1
1
17
17
7
25
22
12
0
8
8
7
33
17
15
24
0
29
31
31
24
24
33
25
25
36
30
28
32
28
2
6
17
36
11
11
25
6
18
8
31
30
14
2
22
15
0
35
33
16
23
12
34
11
11
33
27
4
20
27
31
33
31
22
22
22
32
17
27
32
3
18
27
9
23
20
7
17
7
9
11
11
22
2
22
8
9
26
15
0
5
10
28
27
24
15
24
9
13
33
31
3
31
26
20
2
28
11
29
29
32
8
33
7
9
7
19
9
14
21
15
12
12
35
25
18
27
26
7
31
21
25
14
23
5
4
18
11
21
21
24
31
31
20
5
30
18
3
26
36
26
36
13
28
28
7
23
23
14
14
12
34
5
13
17
34
25
8
10
26
17
1
34
21
3
29
24
21
21
36
15
16
10
23
23
23
30
32
32
6
20
11
33
16
7
7
17
22
18
8
26
19
36
12
23
14
8
35
8
18
19
19
23
12
2
2
10
17
31
22
14
35
17
16
34
24
18
0
14
32
8
6
15
32
24
20
6
30
18
1
7
19
19
2
35
9
9
30
23
14
10
10
21
7
30
23
16
32
17
4
24
4
7
14
3
26
27
15
13
19
19
0
29
30
27
22
36
17
10
13
14
30
16
27
24
34
35
24
15
32
18
30
7
26
8
22
0
36
24
27
36
36
31
8
9
5
34
27
18
24
14
16
2
28
34
19
12
4
35
32
15
5
16
17
15
34
17
20
1
16
14
12
17
3
9
17
0
34
13
13
19
21
21
9
4
30
21
15
18
21
13
18
24
33
11
11
12
12
13
32
15
9
36
4
