10
8
27
34
31
36
27
9
23
0
29
22
29
29
33
34
36
21
25
1
11
12
16
36
10
27
15
4
3
26
26
34
13
11
14
4
27
1
9
15
28
30
2
16
28
28
28
36
14
16
25
11
33
1
11
20
5
36
8
26
20
1
36
15
2
6
21
6
33
21
17
26
15
2
10
5
0
31
22
28
28
9
36
36
35
12
12
29
27
4
0
11
11
23
35
22
31
30
29
30
6
21
21
4
17
27
17
0
12
26
0
15
7
22
33
12
9
34
21
4
5
18
11
9
2
36
10
17
24
35
27
4
23
23
8
19
19
10
10
2
3
22
34
9
11
22
34
0
19
19
4
10
31
35
33
28
28
35
35
6
35
3
36
27
34
35
25
25
33
27
33
26
3
35
20
1
22
18
18
36
10
6
8
29
30
11
15
3
20
26
20
36
0
25
33
34
34
30
32
16
14
1
23
36
28
34
21
35
35
32
30
22
20
6
14
22
31
35
35
4
2
24
33
6
2
13
13
21
21
35
19
20
7
12
12
17
20
17
17
33
6
3
6
31
6
31
32
9
4
20
28
16
25
2
11
5
9
26
12
24
29
3
3
20
0
23
22
20
20
10
24
33
24
24
16
5
28
12
17
13
20
7
15
12
18
29
26
17
17
5
18
29
27
27
8
30
24
1
7
18
32
10
31
1
8
0
19
19
28
34
1
21
25
36
36
10
10
3
2
35
20
21
9
19
23
28
0
24
5
21
34
28
8
26
18
19
19
34
34
25
32
20
29
25
25
7
35
10
22
2
21
28
30
22
22
23
23
21
10
35
9
31
4
18
17
17
5
11
30
20
9
12
5
32
5
12
27
22
0
17
2
10
13
30
1
25
25
1
14
25
28
4
19
26
2
32
8
31
3
33
13
