28
22
31
26
13
1
8
27
27
26
29
30
0
12
6
32
20
13
13
30
21
19
14
13
8
3
30
18
23
35
32
27
33
4
33
23
23
2
26
8
8
27
9
1
7
13
13
18
35
15
9
6
25
13
31
23
33
26
16
4
36
6
28
34
27
23
35
26
20
2
5
36
35
35
17
10
10
6
15
2
36
11
7
7
9
9
36
35
28
28
7
10
17
24
10
24
33
23
33
34
19
19
10
10
25
1
32
18
27
27
5
36
11
13
34
5
30
31
33
20
31
24
17
8
9
32
9
15
27
36
3
14
22
24
18
35
35
10
33
27
11
36
34
28
23
9
1
17
35
22
0
14
33
6
31
13
9
6
10
22
28
10
33
16
10
1
23
7
18
8
21
14
9
14
5
1
11
11
21
19
0
34
6
9
9
16
16
4
4
8
1
2
9
27
21
10
12
26
26
5
31
32
35
2
35
15
0
18
9
30
25
25
1
7
5
17
15
8
0
10
13
1
10
24
30
25
0
8
36
0
19
23
31
30
18
22
11
3
23
7
7
27
11
11
33
17
12
7
27
27
3
14
20
29
29
18
26
19
16
8
6
9
32
34
6
25
20
4
15
18
6
5
3
0
5
6
7
5
0
30
10
10
18
29
0
3
0
29
26
26
28
26
18
20
16
23
4
2
13
13
0
13
34
10
26
25
27
36
23
31
34
30
4
22
13
31
12
12
14
35
20
26
30
31
31
1
28
13
11
11
12
36
4
7
32
19
32
9
5
8
5
7
7
14
26
26
16
13
12
35
2
29
36
31
24
13
17
17
9
9
32
0
34
9
4
34
16
22
24
26
7
2
16
33
22
21
17
10
17
6
14
22
12
0
10
13
19
31
2
22
24
25
25
30
34
33
26
9
6
11
11
36
36
32
30
