26
26
19
1
28
34
15
32
31
7
16
1
0
30
36
14
28
27
8
11
3
28
33
10
7
7
2
29
1
28
28
4
4
14
18
28
30
24
7
24
4
25
8
8
27
5
6
2
3
8
36
33
19
23
23
28
36
2
24
13
0
27
6
17
29
26
12
24
21
1
36
13
28
28
3
34
21
25
10
0
34
31
7
10
1
15
1
8
3
1
15
4
22
12
20
27
27
21
1
18
14
24
9
3
8
0
4
15
2
10
26
5
36
7
25
33
17
18
17
25
15
15
29
7
7
2
7
6
25
5
30
14
26
19
17
4
26
9
0
21
22
35
34
31
11
19
23
9
6
0
5
0
18
0
27
10
32
20
4
23
30
18
11
13
22
30
0
7
7
29
30
33
15
13
3
1
18
11
11
5
2
20
12
2
20
6
7
26
33
15
29
20
17
9
15
21
7
7
16
34
34
20
31
1
23
23
5
9
15
5
35
35
24
26
8
8
15
0
24
29
9
14
24
23
18
17
22
4
4
5
27
13
31
31
31
7
0
28
28
36
7
7
16
36
17
17
2
20
26
2
28
26
26
0
25
20
13
1
34
30
33
9
14
7
22
23
23
2
29
29
29
10
33
15
32
27
12
21
21
32
34
18
18
1
28
19
10
2
22
8
21
6
19
33
33
15
13
13
29
28
11
7
32
27
27
18
18
8
29
0
28
19
30
12
0
9
4
19
14
7
25
34
23
31
31
16
25
9
4
21
5
19
6
29
24
23
8
19
24
23
24
24
4
36
7
0
7
7
12
25
16
9
28
4
12
20
22
24
18
18
20
4
2
24
16
6
6
8
22
0
17
19
21
22
11
32
34
9
20
0
19
18
18
18
27
35
23
10
10
9
32
3
3
2
35
36
28
19
22
32
