27
23
20
20
21
27
0
17
0
34
10
35
19
1
10
0
16
24
29
29
34
10
27
0
23
10
10
3
11
11
30
24
24
32
3
22
36
32
18
17
10
10
10
6
13
10
33
22
25
16
16
31
21
21
6
14
10
11
11
33
33
6
32
21
2
9
32
34
0
10
8
18
18
6
21
21
12
1
8
6
8
8
16
18
8
13
0
15
17
7
4
1
5
10
23
26
16
14
28
20
4
33
32
0
27
27
18
7
25
20
13
32
31
1
15
5
18
20
19
31
7
27
7
31
21
13
13
12
10
17
15
21
32
24
17
17
19
24
6
25
13
13
8
2
5
23
23
22
15
15
17
15
32
4
29
27
6
17
27
6
5
33
15
13
13
33
26
15
33
15
17
35
7
20
6
32
6
0
27
35
26
23
26
8
9
25
21
5
1
34
3
1
11
8
8
15
21
1
20
6
6
10
35
1
0
20
10
26
18
31
12
17
17
12
19
21
16
0
24
24
13
12
5
33
9
9
8
10
36
11
27
20
14
29
18
29
2
35
19
29
24
12
12
10
10
31
21
18
21
21
1
20
15
22
33
14
18
23
27
0
29
18
11
18
29
3
14
28
23
30
28
1
16
33
28
4
32
30
28
27
30
33
33
22
13
13
31
0
22
15
12
22
22
26
5
10
23
31
5
34
27
34
20
31
24
24
30
34
32
24
17
17
6
33
22
3
7
35
28
28
20
31
8
1
0
4
0
18
18
35
14
11
27
22
18
8
17
8
19
33
8
5
4
19
8
22
30
4
19
23
23
20
35
26
22
6
31
36
22
28
12
3
11
6
19
27
2
31
19
32
13
11
11
17
6
16
16
8
5
16
33
19
7
11
11
1
14
0
12
11
8
34
35
22
2
2
35
26
31
1
