2
33
21
28
35
32
1
7
4
34
33
15
34
0
0
35
12
14
27
4
11
31
2
30
7
19
34
32
3
35
31
33
22
10
0
29
19
17
17
23
23
28
1
5
9
6
6
13
22
5
17
14
17
11
25
34
21
23
6
26
23
35
8
23
23
15
18
5
20
21
29
26
12
4
6
34
10
10
15
21
35
35
1
23
16
31
14
18
7
31
26
10
30
19
4
20
17
0
33
35
35
4
30
28
32
30
28
9
19
32
31
27
24
26
33
23
23
7
3
3
33
18
26
22
21
21
15
32
6
35
33
31
16
3
21
15
27
0
22
22
11
26
35
16
22
14
21
1
0
12
25
21
9
2
0
11
30
16
7
3
36
17
10
28
1
23
2
13
13
31
0
19
27
35
35
4
10
10
3
30
31
2
1
34
11
11
24
12
3
17
36
31
30
13
1
11
8
7
7
20
23
23
28
34
34
32
19
24
24
18
17
31
21
13
29
27
16
12
19
15
15
15
25
29
29
13
10
18
18
10
32
8
21
4
7
12
5
11
33
1
22
27
30
28
15
3
8
27
35
16
16
9
22
10
30
20
23
29
29
17
0
27
13
26
3
35
4
16
3
3
27
35
17
16
31
34
34
2
25
32
36
25
21
34
9
18
23
29
27
4
28
4
8
31
31
6
19
31
31
22
20
7
9
21
19
2
26
26
12
12
10
35
6
13
13
14
10
25
25
22
3
23
31
20
27
8
26
26
6
33
1
7
3
1
32
0
0
4
31
8
8
15
9
19
0
29
25
14
31
22
36
36
36
22
8
4
21
26
31
20
1
25
29
32
10
30
35
3
36
28
27
24
14
35
24
32
10
33
28
35
31
17
12
1
15
16
5
35
35
9
9
3
8
14
7
28
24
33
33
6
4
4
2
5
