6
14
14
17
28
12
9
12
20
7
10
30
1
31
17
34
1
15
11
33
9
21
14
10
27
6
11
23
28
6
6
26
21
31
35
1
29
7
6
33
13
31
31
22
11
32
12
6
20
13
5
0
1
31
23
23
14
4
15
5
36
36
25
2
35
5
18
8
10
3
29
2
23
33
34
9
28
16
28
16
27
24
24
3
12
12
24
28
9
11
35
5
19
15
32
12
31
14
26
15
29
19
6
18
16
32
33
3
27
22
33
15
20
3
35
8
1
7
14
34
7
14
35
35
17
8
26
14
23
31
25
11
3
2
28
1
14
36
28
9
1
27
25
19
14
18
23
0
9
27
9
9
10
7
15
15
18
22
35
34
26
25
8
14
31
3
31
17
34
7
33
17
17
33
26
13
29
30
25
24
19
7
9
16
27
27
11
11
33
30
13
29
13
12
12
19
11
3
5
34
34
10
36
29
5
10
20
24
12
30
20
20
1
13
16
25
6
5
13
18
14
13
9
9
3
12
5
34
7
16
13
26
36
2
12
12
25
35
9
9
4
0
21
30
29
17
12
31
15
6
27
16
3
12
21
15
16
28
30
34
0
11
11
28
14
3
21
27
7
5
3
32
6
4
34
19
13
11
11
21
13
29
15
27
19
28
36
34
11
7
29
29
36
0
10
10
7
6
29
29
16
5
17
6
31
6
5
33
22
21
19
9
26
23
29
13
28
28
0
24
24
24
28
23
23
3
3
28
9
29
28
20
34
28
7
4
4
8
21
5
28
9
17
14
13
30
16
33
13
35
10
10
24
1
20
25
34
7
0
11
11
19
33
36
19
13
21
18
3
31
1
17
27
26
19
9
9
17
31
23
18
32
25
9
18
20
15
16
3
8
36
22
32
22
20
35
30
14
20
6
