13
13
7
0
19
3
8
18
19
35
22
13
31
31
24
24
10
13
7
10
9
9
8
8
35
0
9
24
34
10
36
0
33
26
3
17
24
24
36
21
7
20
5
30
28
1
4
36
1
3
28
16
36
2
6
25
18
18
3
31
12
0
23
23
23
28
24
22
26
21
21
20
11
21
31
7
12
21
7
27
14
27
3
26
26
28
17
30
35
10
14
36
20
6
2
9
32
1
12
16
30
18
27
33
25
34
0
5
18
18
36
16
12
29
13
36
23
22
34
22
9
27
5
20
32
36
2
30
1
10
15
8
25
25
18
4
12
27
5
21
23
14
30
26
27
36
20
1
30
25
25
11
3
31
23
3
7
24
34
34
6
2
28
9
9
35
9
20
21
21
21
20
5
11
12
17
20
13
7
9
35
21
30
36
18
1
27
27
0
10
10
21
24
24
18
28
16
16
29
1
27
27
17
7
29
29
1
17
11
9
32
2
3
18
30
1
34
1
5
18
34
9
2
22
0
12
31
8
0
34
23
23
16
15
2
30
0
33
30
10
22
13
0
18
8
25
0
13
22
1
35
25
1
4
28
3
36
21
4
4
35
35
0
9
19
25
15
21
4
4
15
2
26
9
11
0
35
33
11
11
12
3
35
2
24
24
2
35
24
23
29
18
12
25
25
2
15
1
10
2
20
31
9
24
24
32
16
30
28
28
28
28
4
15
3
23
23
10
1
24
33
35
35
26
9
2
3
34
15
7
9
0
1
27
15
26
30
13
28
25
2
22
6
32
21
23
24
34
20
8
34
21
11
23
23
23
34
11
11
12
12
21
21
2
33
10
1
3
30
34
35
25
5
36
30
23
19
8
20
35
35
4
32
4
11
24
9
9
26
11
28
19
24
12
2
35
26
26
6
22
12
28
13
3
