26
26
32
8
18
2
12
4
32
23
6
30
33
10
8
31
31
29
24
24
16
20
8
36
36
29
18
24
24
0
28
12
27
1
9
5
33
20
6
11
9
13
26
1
6
12
25
17
17
13
10
8
12
12
15
7
7
11
19
31
13
18
26
18
3
11
0
13
13
21
21
23
22
7
34
11
11
17
10
20
1
3
20
23
18
27
5
29
35
19
33
3
35
7
18
18
35
0
12
12
4
12
28
1
15
33
14
31
1
29
14
28
16
31
26
6
21
4
23
23
0
5
25
23
30
7
23
24
31
12
17
5
5
1
7
22
20
5
8
14
31
6
29
31
28
26
7
30
16
16
35
3
8
0
7
35
35
8
8
28
1
17
10
14
19
2
25
14
27
31
17
0
25
25
10
32
21
23
23
16
6
27
15
0
29
15
32
27
25
32
35
11
3
25
21
25
7
21
34
26
26
31
0
27
33
6
34
24
16
12
3
9
4
9
30
31
9
34
8
8
36
11
18
30
28
3
17
19
25
25
9
34
26
22
18
24
3
31
20
0
3
7
23
23
23
33
24
24
2
3
20
29
24
16
35
36
17
5
31
10
6
2
8
12
20
7
36
10
24
24
27
0
4
24
8
20
0
29
16
20
14
30
19
15
8
31
35
3
2
30
30
21
24
20
7
33
32
22
3
34
7
34
35
20
13
2
20
30
30
31
10
25
0
11
33
29
15
29
6
32
33
2
35
3
17
30
6
14
9
25
26
7
7
32
15
8
29
16
1
22
5
5
5
35
35
23
22
34
4
35
10
10
19
36
36
3
13
26
14
34
10
10
33
15
36
12
20
31
33
26
26
6
0
36
20
19
0
36
21
19
0
24
6
11
12
24
22
30
0
21
8
18
11
6
21
7
3
