18
13
10
3
4
16
16
24
35
36
36
36
2
11
33
16
23
34
29
33
16
18
0
23
36
29
8
28
13
31
11
11
23
22
25
1
23
6
8
26
11
1
28
1
0
12
16
14
36
7
14
12
6
22
1
9
25
25
25
25
25
25
15
32
31
28
34
34
3
30
12
0
30
0
15
6
6
34
16
16
34
20
16
6
11
16
6
27
18
21
33
3
25
25
22
34
34
7
3
22
29
19
6
15
26
26
26
3
32
19
2
15
24
24
34
0
32
16
33
6
27
27
24
13
13
29
29
17
31
14
30
16
25
6
27
21
27
29
19
29
19
6
0
19
20
23
8
3
19
15
16
29
0
20
3
3
27
33
33
15
27
19
10
25
11
32
2
9
2
19
19
19
19
19
19
19
19
19
19
31
31
8
5
27
20
22
18
0
9
9
3
26
4
30
15
32
15
27
2
24
24
18
17
21
11
23
8
10
10
17
27
2
28
7
7
21
19
4
28
36
36
8
32
32
31
2
34
30
25
9
30
2
25
21
10
2
25
25
6
26
10
13
22
1
16
9
22
33
28
1
28
16
16
22
21
15
32
25
19
34
14
28
24
15
30
15
33
1
1
32
36
27
9
13
5
3
11
28
27
23
25
22
12
2
34
14
34
4
6
36
11
1
31
6
14
0
34
5
18
19
22
16
3
13
26
29
20
32
9
9
9
9
10
7
7
2
29
15
19
25
17
20
22
29
26
26
0
11
30
14
30
10
34
10
28
17
13
5
26
26
30
24
16
2
15
2
3
30
8
8
10
35
10
4
22
12
12
16
1
8
17
7
26
29
3
34
14
23
20
17
17
29
29
21
3
14
27
11
1
7
10
10
21
1
22
5
0
25
11
34
12
29
8
28
13
23
23
17
35
0
15
10
36
13
7
28
28
