21
11
11
29
15
1
8
4
15
34
0
12
26
15
17
11
32
31
14
12
25
28
14
29
13
3
14
33
2
17
31
32
29
20
8
21
27
24
9
20
23
27
13
22
4
18
11
11
11
31
19
1
34
2
1
25
25
35
35
14
10
10
13
29
21
22
32
20
23
31
31
20
15
15
2
24
20
12
20
4
10
27
20
23
19
28
19
12
20
8
21
26
30
36
5
30
18
31
8
26
19
29
19
32
25
25
5
28
3
24
32
29
29
35
22
15
23
35
18
32
6
13
26
1
10
15
36
27
35
33
12
13
6
28
15
18
13
11
6
11
16
14
19
25
21
14
28
26
21
7
14
17
7
0
4
30
12
5
27
36
30
22
20
25
1
4
10
28
33
20
10
10
11
13
23
16
31
23
23
18
22
13
16
16
6
21
33
24
27
14
34
27
22
14
14
12
1
14
32
20
10
10
28
28
9
9
6
2
11
5
20
30
19
32
31
1
21
21
34
5
17
26
6
8
27
18
2
0
13
13
22
11
21
18
22
0
15
7
0
5
11
23
10
5
36
35
17
33
32
5
33
5
23
15
0
26
8
20
0
16
30
30
10
18
32
24
31
31
1
3
29
15
28
19
15
17
28
15
36
7
3
25
8
14
11
11
18
21
29
14
23
23
1
7
3
22
7
23
26
29
24
26
16
29
2
23
32
15
20
23
25
25
28
22
11
29
34
2
1
0
12
15
20
21
6
24
24
19
6
26
18
12
12
14
2
35
18
18
18
25
7
5
36
20
14
32
32
15
33
30
22
3
18
11
1
12
28
3
36
15
3
17
11
12
23
23
7
28
7
16
25
24
