15
19
2
27
16
10
0
10
21
21
17
32
0
20
23
2
27
17
21
24
27
27
32
1
4
8
1
26
6
4
3
25
25
21
34
34
0
5
30
36
10
10
3
9
22
34
2
5
24
0
5
14
4
15
1
3
15
28
15
1
3
3
23
18
21
36
30
33
28
28
9
0
31
14
9
7
7
17
33
30
31
15
13
13
36
33
6
23
23
33
20
29
34
4
9
9
12
23
23
24
9
1
36
32
23
16
16
13
2
33
9
7
7
16
7
15
0
26
17
23
9
16
16
28
5
31
36
28
19
6
16
24
30
33
5
32
28
7
7
27
24
24
7
36
5
3
9
19
33
20
16
32
26
28
28
10
0
26
34
18
23
30
0
5
25
6
20
2
8
3
24
36
9
2
29
22
13
31
26
12
9
34
2
3
8
36
17
17
23
8
17
5
2
35
24
11
30
3
12
15
10
1
20
10
10
8
1
18
18
16
8
1
0
1
6
20
30
18
36
29
34
18
17
2
1
18
18
7
7
5
16
16
24
23
32
29
1
29
21
21
11
14
24
24
28
18
1
11
27
27
14
4
11
26
17
31
27
11
31
11
1
28
28
30
11
20
27
5
18
20
5
17
17
3
25
30
5
33
6
31
25
8
11
11
0
2
6
22
19
22
32
4
10
10
3
28
17
28
0
2
33
35
6
3
34
32
35
30
25
30
28
28
25
33
36
33
2
7
15
6
22
4
23
2
4
22
28
5
10
9
30
24
31
14
8
25
25
5
19
28
26
33
10
4
0
10
8
19
26
18
18
33
33
17
6
29
29
18
0
12
29
12
12
9
9
17
8
10
2
30
30
17
17
11
10
10
5
12
6
17
26
33
16
3
15
3
2
6
5
24
24
10
1
28
28
0
9
24
0
7
