19
19
33
7
34
4
26
26
33
29
16
16
31
36
36
8
34
32
0
9
9
36
15
25
25
31
8
2
26
1
26
30
31
32
2
2
15
4
22
15
4
15
0
18
22
1
25
6
14
19
3
6
19
32
10
10
11
33
34
4
35
35
2
10
15
26
22
3
0
9
1
27
27
27
26
26
20
28
22
31
31
4
9
22
26
27
13
13
25
16
12
13
34
32
29
23
5
6
19
3
26
31
22
25
35
35
0
4
11
35
36
21
21
35
34
19
5
30
27
7
24
6
5
3
27
7
4
16
7
21
21
18
11
12
12
32
12
12
31
18
35
35
33
27
14
22
1
16
7
7
26
34
34
5
36
35
32
30
29
17
2
26
8
2
1
2
33
17
28
29
2
31
4
24
8
14
32
16
9
35
36
31
6
4
4
14
23
34
12
26
7
30
8
23
1
18
18
11
16
29
29
12
12
10
25
25
18
10
6
30
0
7
0
16
16
7
24
6
3
5
2
28
28
23
34
18
22
8
27
36
14
17
32
19
36
12
36
34
11
17
12
11
19
1
8
1
9
24
24
24
8
13
1
27
23
13
36
5
9
22
16
22
22
19
24
23
1
7
8
2
32
24
8
27
23
24
13
35
36
30
26
29
7
32
2
19
0
22
15
5
25
2
15
24
11
9
33
0
9
8
4
22
5
4
31
7
9
25
6
3
13
6
15
7
7
23
36
19
34
17
23
23
13
29
7
9
8
18
16
30
26
26
26
20
9
9
7
21
29
2
9
9
17
4
36
27
22
30
12
10
0
17
16
35
32
24
24
31
6
11
3
16
2
32
32
9
34
13
25
36
20
2
21
19
3
33
15
10
10
7
7
9
33
10
7
18
18
31
33
18
12
26
8
33
20
0
6
