8
27
33
19
19
28
21
22
10
32
5
15
19
27
12
13
9
4
4
8
5
36
36
4
33
27
13
13
0
28
23
22
17
16
16
10
6
11
30
24
34
0
12
21
7
10
26
30
4
6
16
36
10
10
28
28
35
19
21
21
5
16
5
22
16
16
33
7
12
28
29
12
12
20
21
21
20
19
18
8
31
23
3
4
17
22
16
4
5
0
2
34
33
1
28
0
6
33
25
35
35
24
15
4
18
9
13
8
8
31
25
25
32
4
35
9
16
29
29
29
10
18
17
21
27
8
12
22
9
10
20
35
33
34
11
28
36
16
36
23
6
28
8
2
11
35
16
27
26
22
23
36
9
9
5
12
36
30
27
0
24
14
2
22
28
7
20
27
35
2
0
35
8
23
34
12
30
23
23
22
25
23
34
20
22
36
36
5
32
12
19
3
1
19
20
4
21
26
8
8
30
21
21
36
36
35
4
3
26
2
0
13
33
12
9
24
6
2
9
2
22
33
17
20
28
9
10
19
3
9
19
28
3
28
12
6
2
26
23
3
0
4
17
2
17
17
32
3
32
4
1
2
17
28
11
6
24
26
35
22
11
34
25
2
19
33
31
15
12
12
20
1
6
8
22
32
12
17
18
18
5
13
15
5
4
10
14
0
14
1
31
5
22
20
9
35
20
25
7
25
18
18
23
31
5
32
18
19
11
11
21
12
11
16
26
7
19
23
32
23
1
7
29
23
16
6
19
36
36
30
21
21
31
34
36
30
3
7
23
21
21
8
0
28
27
27
34
0
10
9
9
28
25
13
13
20
6
3
26
5
26
1
29
24
16
22
26
10
5
9
11
13
23
14
8
19
13
32
33
33
2
17
14
7
13
21
16
22
24
4
35
35
17
35
1
33
16
14
28
18
