9
3
27
3
13
8
8
21
27
19
3
5
21
28
36
33
13
17
32
18
35
8
4
25
25
9
25
1
19
31
31
24
25
6
0
36
28
3
18
24
24
11
11
11
21
6
35
3
9
8
2
15
29
26
26
0
35
25
1
14
20
36
6
15
11
28
6
29
5
32
28
21
31
16
26
6
5
2
21
26
5
36
7
32
24
14
6
16
30
3
28
5
8
22
23
0
21
29
14
11
11
35
1
23
23
26
34
35
19
21
9
35
36
13
36
10
10
14
6
12
25
3
2
31
23
13
11
11
31
0
19
16
20
7
7
28
28
1
20
33
12
12
11
13
32
4
11
11
3
30
23
24
35
25
34
11
9
24
11
11
36
16
34
16
16
34
11
9
22
34
34
18
10
27
24
21
23
33
7
33
14
30
20
6
20
34
2
20
5
17
18
18
4
22
30
29
29
11
34
33
2
25
14
17
22
9
33
21
16
26
31
26
12
23
20
29
14
2
26
6
5
17
5
0
6
5
11
18
20
13
32
23
33
31
20
25
10
5
19
31
36
22
23
34
35
33
22
5
9
20
33
10
5
35
32
27
5
27
30
15
1
6
4
21
19
19
29
15
6
23
16
16
26
7
13
13
24
1
29
1
14
9
4
29
30
3
21
6
33
0
3
35
26
9
16
34
25
4
26
20
11
14
24
35
8
33
34
32
10
25
11
23
21
8
31
22
4
24
32
1
8
5
25
26
0
14
9
9
15
0
35
35
23
0
7
25
3
0
4
27
27
6
5
30
12
23
4
29
30
28
24
19
13
8
9
29
11
36
27
17
17
26
24
8
5
34
20
13
26
11
5
16
15
23
34
25
36
25
32
23
32
5
20
20
5
11
10
26
12
11
11
12
25
36
11
2
28
8
17
18
