16
10
10
20
6
14
4
12
29
18
30
0
36
16
6
17
17
22
27
9
16
26
36
29
23
3
3
9
25
28
7
15
5
29
16
21
21
10
10
4
10
23
28
15
11
11
26
2
21
0
25
23
35
9
28
15
36
36
14
30
12
21
19
33
36
36
11
26
10
23
23
7
16
22
2
31
25
25
9
9
0
18
30
11
26
25
3
2
13
11
32
16
19
3
24
15
17
18
11
27
19
22
5
35
12
34
34
9
15
0
18
9
35
21
21
4
11
11
32
21
21
6
11
11
8
33
11
11
19
1
4
29
2
31
30
20
11
11
5
20
26
16
23
34
31
12
7
14
29
29
32
4
20
19
20
23
27
9
13
13
6
18
8
10
32
16
33
23
19
26
18
18
11
18
33
5
18
18
2
2
24
20
35
18
18
7
18
12
34
24
2
3
24
32
20
20
19
18
19
36
31
25
16
33
22
33
16
19
1
3
12
35
5
10
20
0
33
22
2
8
14
7
17
20
1
14
24
12
0
15
14
0
24
7
17
18
19
29
29
27
27
36
12
12
1
11
5
5
3
4
30
12
1
26
26
15
29
16
29
36
6
13
28
28
16
16
30
13
5
20
14
21
19
26
30
19
13
10
26
15
12
4
32
0
0
23
24
34
28
24
24
34
1
14
25
25
13
14
14
20
5
31
28
3
19
29
4
31
11
30
21
22
4
30
26
26
26
2
26
15
22
6
33
27
25
6
11
21
21
36
3
0
31
5
22
24
24
10
27
27
36
32
23
23
32
7
7
20
19
21
12
7
3
36
8
29
3
23
29
24
25
21
30
24
34
34
19
27
12
5
9
32
12
18
28
28
5
5
13
5
7
18
33
17
17
9
31
5
11
36
0
24
7
7
22
23
16
18
32
5
34
9
10
26
13
13
