33
17
3
19
0
13
10
21
18
14
34
13
31
36
12
16
16
24
19
14
9
17
1
4
6
1
25
25
23
9
11
18
35
1
12
12
7
11
23
32
14
20
36
35
24
1
26
26
5
20
35
21
29
35
12
12
32
10
20
1
19
23
24
0
16
22
13
10
12
30
32
20
17
6
8
35
1
15
33
34
0
11
11
29
34
36
35
27
28
0
14
19
33
15
19
0
23
12
2
35
9
13
32
9
1
4
19
12
13
25
11
21
16
15
36
36
27
33
32
36
30
24
11
23
17
30
12
23
12
12
8
7
6
19
4
27
14
35
0
10
24
27
22
0
28
21
14
33
7
7
14
14
12
26
16
31
14
1
30
1
7
32
16
14
36
16
0
32
29
9
33
12
0
34
4
19
11
17
8
29
7
21
5
32
6
8
30
32
17
20
9
9
24
33
9
24
15
11
11
25
9
7
12
25
25
15
5
11
3
24
22
8
10
31
31
25
25
3
28
28
12
12
12
28
35
29
11
21
24
1
7
4
24
4
33
33
21
13
20
30
2
18
33
18
10
8
24
4
26
27
12
6
22
1
22
10
13
5
32
12
35
24
8
22
35
28
8
28
35
4
1
7
17
19
23
3
2
33
4
34
36
31
22
28
36
23
22
34
16
31
14
32
23
11
25
15
10
7
21
0
19
25
15
23
6
23
9
8
8
0
27
18
18
31
30
20
3
17
18
18
12
32
29
17
5
24
12
25
23
18
25
0
23
5
25
11
23
17
11
28
7
33
28
19
5
11
24
27
0
35
35
34
24
28
4
16
33
8
5
32
1
36
0
22
2
6
36
33
6
12
22
19
11
17
34
34
19
26
31
19
18
29
25
6
27
5
24
36
9
28
1
30
32
36
36
8
