15
4
23
25
25
17
29
18
1
15
20
32
22
3
3
23
14
26
4
4
23
5
4
11
20
23
23
31
33
10
1
17
8
3
27
34
2
35
5
26
5
24
6
18
17
14
10
5
12
21
21
20
29
13
8
34
3
33
17
15
1
13
21
23
7
30
20
29
7
22
7
25
5
21
21
17
29
3
10
14
1
3
9
36
10
31
29
12
20
13
13
18
1
5
32
29
2
32
27
2
14
35
30
18
18
32
21
5
33
26
8
3
1
16
11
0
35
36
36
11
26
13
24
24
9
8
5
7
31
8
22
36
17
17
31
17
21
22
17
30
27
6
22
14
10
13
34
0
6
31
28
28
36
16
16
18
18
18
17
26
12
5
34
3
35
3
31
21
6
28
36
33
1
21
25
25
35
27
27
3
28
25
25
24
24
21
27
35
32
30
7
25
12
8
25
19
28
0
35
32
14
8
4
12
7
19
8
33
14
31
31
9
32
36
13
2
17
36
11
26
29
18
18
33
10
32
23
9
9
8
10
10
28
27
27
0
18
18
11
13
13
10
7
7
9
21
6
36
22
10
10
27
10
10
1
2
30
11
6
9
9
25
25
15
22
32
18
18
29
24
9
30
28
28
0
25
9
28
36
36
33
8
27
13
28
9
5
10
1
10
30
6
19
13
33
16
28
34
11
30
20
1
25
25
14
8
28
19
31
36
19
13
23
0
4
25
29
16
22
3
29
22
34
16
16
19
26
35
19
1
7
27
12
18
33
5
34
3
27
28
14
27
35
35
0
3
23
25
11
11
4
10
30
23
3
16
19
29
15
35
13
13
31
25
25
7
11
22
1
28
18
18
21
30
3
25
25
14
8
14
29
24
30
36
20
18
26
35
17
17
14
10
12
21
20
9
10
