34
36
21
31
31
10
3
9
9
36
34
30
8
6
5
14
26
26
24
8
19
20
11
23
23
24
19
32
14
23
2
12
29
5
6
13
22
35
21
0
26
21
19
1
16
7
24
19
19
12
13
34
11
11
15
35
11
7
16
33
17
19
5
24
14
14
27
33
24
14
0
13
28
28
23
0
6
26
32
10
10
20
34
8
10
34
33
8
33
13
1
27
6
6
31
18
18
16
27
36
7
7
17
11
22
3
4
23
8
29
29
22
18
31
30
4
6
10
3
27
27
22
36
32
5
7
7
6
25
9
17
23
15
15
7
23
15
20
4
18
33
31
34
19
5
6
10
16
21
2
11
21
31
19
19
32
33
18
18
0
28
26
16
36
13
12
20
4
1
27
10
36
10
4
29
11
0
19
28
0
18
1
25
25
11
10
18
27
27
33
19
26
15
19
9
36
36
13
11
14
4
28
15
20
18
31
34
13
0
19
20
14
6
7
24
24
19
29
22
7
33
34
11
11
9
9
21
19
16
15
20
11
30
9
9
28
11
9
5
1
17
11
11
7
18
8
19
1
31
10
10
36
35
35
3
22
6
12
35
16
16
22
35
14
4
2
0
28
28
6
7
7
10
21
29
27
17
2
12
35
35
6
22
36
15
9
24
12
2
13
12
15
36
3
36
27
27
1
15
14
31
33
25
4
32
7
7
34
3
4
21
22
23
20
20
34
6
34
34
34
30
32
26
10
21
24
24
16
17
12
13
17
9
9
18
18
0
33
33
22
19
30
20
31
30
20
3
2
4
33
23
22
8
26
13
2
8
13
27
0
28
27
28
4
31
31
32
31
1
15
28
25
21
30
0
30
12
28
18
18
11
11
2
17
32
0
24
24
30
18
23
22
16
8
27
7
2
18
17
18
18
31
