31
20
6
34
6
29
29
12
12
8
15
13
5
36
13
10
10
0
17
35
35
6
11
29
28
28
2
5
4
27
32
28
19
22
6
33
24
16
25
15
24
12
18
30
0
1
15
16
32
8
6
7
29
7
13
18
22
1
8
34
2
35
25
23
33
0
15
21
11
14
10
2
26
28
29
18
18
22
23
25
25
3
20
34
33
10
25
25
14
28
17
5
26
26
2
3
9
15
10
22
28
24
30
21
35
19
5
30
2
15
8
22
21
0
12
10
22
33
30
15
4
19
0
17
1
3
2
7
7
3
18
16
13
14
30
26
16
14
9
7
7
17
0
8
13
12
8
15
28
24
9
28
21
21
27
29
29
24
24
12
0
34
19
19
8
24
16
31
27
27
25
1
17
16
0
28
3
0
35
1
33
18
14
35
31
21
18
6
8
32
25
29
3
21
31
23
24
7
17
12
20
0
23
23
2
21
1
6
12
22
21
5
12
31
29
18
21
36
27
10
30
29
23
13
1
0
34
14
16
10
36
36
19
34
2
35
26
12
31
17
0
17
34
1
28
29
30
6
9
25
35
34
8
18
35
28
28
35
1
35
31
29
32
8
8
9
2
24
1
9
10
20
29
34
3
35
27
1
3
18
29
7
15
19
15
36
12
20
35
33
12
26
23
8
13
15
27
13
27
30
8
22
17
5
30
32
10
18
33
34
28
33
18
29
31
0
8
28
21
1
1
15
11
11
13
0
5
29
2
28
31
31
27
3
19
36
11
34
3
24
17
2
17
8
20
12
12
17
14
17
6
13
23
3
0
30
11
0
9
36
16
16
29
28
17
31
11
20
28
7
24
19
33
8
34
4
10
10
17
18
26
33
2
22
34
26
2
22
5
10
28
28
28
6
25
25
24
18
32
29
3
31
2
26
17
29
22
2
36
20
27
27
8
