19
3
30
5
17
17
34
21
21
35
27
3
13
15
21
0
2
33
19
8
29
29
36
19
36
15
28
28
21
34
11
12
24
3
28
26
33
15
20
6
35
25
16
7
32
2
29
31
4
32
14
22
36
15
23
23
29
30
8
35
9
6
22
25
9
20
25
35
7
9
15
14
1
11
36
33
33
2
0
19
31
31
20
18
18
11
7
20
15
28
22
14
30
21
4
5
32
13
15
34
34
1
11
22
16
16
6
0
1
8
27
30
12
31
10
1
14
5
8
8
20
33
17
12
11
11
17
33
0
11
20
12
13
23
8
12
33
31
11
21
21
13
15
17
0
6
16
20
2
16
33
35
26
34
2
29
11
22
8
19
6
3
18
18
8
31
15
29
29
24
4
35
28
15
31
4
15
29
29
17
14
2
33
10
2
32
32
23
33
27
26
26
25
26
17
6
17
16
0
35
3
5
24
13
1
8
10
27
5
9
35
19
19
12
12
12
2
19
30
3
16
8
26
34
21
26
21
24
8
36
13
22
36
10
15
35
35
11
28
35
19
28
12
0
14
20
14
23
19
31
17
17
16
26
26
31
14
1
10
10
2
12
12
6
22
7
24
24
24
12
25
34
5
20
3
9
32
7
9
2
32
20
22
15
3
26
20
20
8
16
8
28
29
7
15
28
10
10
2
32
12
1
2
22
32
2
33
12
30
17
5
3
23
34
34
36
36
35
8
33
29
35
35
10
35
6
11
11
9
21
2
12
12
29
29
31
26
18
1
21
32
0
26
35
26
31
33
23
28
33
3
26
1
12
22
5
24
28
8
13
35
36
23
10
10
5
30
13
34
28
28
26
25
3
9
21
21
31
22
30
19
35
13
13
13
15
34
34
10
1
14
1
20
28
35
35
23
9
3
21
21
12
23
15
9
