17
12
12
19
6
32
6
36
14
31
20
9
4
4
4
29
6
14
27
27
21
21
3
9
9
14
35
10
10
2
4
33
18
33
25
32
11
24
11
11
7
11
24
24
8
18
18
10
10
30
8
23
21
1
4
8
29
22
12
27
15
10
25
34
20
34
23
0
12
21
19
10
34
25
33
35
5
7
11
9
21
35
23
29
5
34
24
4
17
8
8
2
16
15
19
28
31
29
16
11
11
28
28
19
31
31
8
14
9
4
4
34
11
9
28
29
36
36
27
34
13
35
35
22
10
31
35
30
3
36
5
8
0
10
11
8
34
30
23
6
10
22
34
25
8
33
10
4
4
21
15
23
23
28
22
0
33
15
20
32
22
5
13
25
12
35
35
12
9
9
23
23
4
10
32
6
10
11
24
34
4
20
7
30
11
9
4
12
36
8
23
23
26
10
3
27
3
10
0
31
12
5
9
9
32
22
32
14
3
9
28
0
30
4
2
23
1
11
10
21
21
16
24
3
9
28
16
16
2
27
35
5
32
32
33
31
32
15
21
20
2
13
13
12
32
33
33
17
15
13
30
10
19
15
28
15
29
19
7
30
13
6
24
29
28
1
8
10
19
30
30
18
10
19
31
33
17
27
7
35
16
21
7
31
26
34
16
5
5
21
36
3
28
6
26
18
1
34
7
23
5
17
12
6
24
29
6
26
13
24
9
27
21
17
28
14
19
17
12
10
33
12
21
13
17
10
26
35
18
31
26
17
25
33
25
15
6
11
11
34
15
24
8
6
20
1
1
13
30
26
26
13
7
19
27
4
14
25
27
27
2
29
1
9
17
33
20
23
19
13
2
4
6
15
21
31
9
15
35
9
29
29
12
12
21
19
33
18
25
34
32
1
33
34
34
1
3
31
8
5
11
34
10
10
