11
33
1
36
36
29
11
33
12
15
28
19
4
25
25
5
13
9
34
14
22
1
30
25
31
2
24
29
29
31
32
13
21
19
0
19
19
2
10
19
5
22
24
6
4
5
6
21
3
29
4
4
11
0
31
24
11
8
15
15
23
1
10
5
35
6
2
35
12
36
19
6
0
16
26
28
8
8
29
27
24
21
19
4
15
33
32
34
35
35
27
36
16
16
35
30
16
35
3
35
35
26
3
34
28
29
15
20
13
4
31
30
36
36
3
20
0
33
14
4
6
34
8
21
24
12
28
27
27
31
31
10
34
8
5
24
26
6
30
0
27
17
24
12
1
9
30
13
1
23
23
24
18
20
20
9
22
6
17
34
9
36
19
20
0
15
25
4
21
22
16
27
27
26
26
2
35
33
31
17
4
17
11
2
13
6
7
23
23
36
3
28
30
28
34
18
27
20
32
9
36
30
1
17
17
36
9
9
33
34
36
35
5
34
26
4
4
28
31
31
33
12
35
28
4
27
11
34
30
32
27
35
28
27
34
33
30
17
17
11
35
33
33
10
33
11
24
14
27
0
3
2
27
8
15
27
25
25
18
29
26
35
7
7
2
1
29
12
11
9
33
36
34
11
30
17
30
24
11
22
21
0
5
23
2
28
32
7
29
29
15
22
34
22
17
25
21
32
17
19
30
9
19
9
3
16
3
26
36
12
32
21
1
20
0
1
30
1
3
32
21
19
17
4
19
26
0
18
34
18
8
31
16
30
24
19
13
11
10
16
2
21
3
22
21
30
12
12
30
6
11
34
28
28
21
20
18
2
9
9
5
15
13
34
4
25
25
7
10
10
31
22
14
1
1
30
14
14
32
6
16
22
16
20
20
5
4
13
25
23
7
15
33
20
5
19
0
25
28
35
35
