17
15
22
4
28
34
30
28
16
16
15
36
33
25
8
3
25
4
6
20
19
8
36
4
2
0
1
25
36
20
32
24
18
31
0
15
21
21
2
8
29
23
27
15
5
6
16
34
22
32
30
15
23
26
5
32
2
8
27
28
36
4
34
5
35
19
4
34
20
31
26
28
25
24
24
34
22
0
35
35
18
18
21
10
15
24
6
36
30
31
19
34
11
10
3
19
1
13
8
28
11
12
26
25
33
0
29
29
6
29
10
1
16
22
32
4
31
7
18
18
10
29
11
23
25
20
15
33
20
11
5
31
32
31
12
36
9
9
17
17
18
9
14
21
35
14
22
6
34
26
18
2
19
19
28
27
23
29
17
32
11
29
29
8
13
2
4
1
24
21
19
14
19
23
12
8
36
21
21
30
33
10
32
6
14
31
27
7
30
36
10
6
33
1
5
12
5
17
8
7
22
35
31
25
0
11
11
35
36
36
15
6
0
3
2
4
19
14
35
15
5
20
19
6
27
16
10
17
25
35
19
13
19
36
34
2
35
3
16
5
8
28
24
19
18
31
22
15
16
12
1
30
11
20
22
28
28
25
26
26
29
29
11
8
33
0
25
16
8
15
27
27
15
9
26
36
11
11
0
27
27
15
29
24
22
7
2
14
28
2
28
22
35
10
19
11
22
16
16
36
0
36
8
10
26
27
27
5
2
13
0
28
14
18
20
26
10
10
26
16
23
26
26
7
7
27
25
3
34
13
33
29
32
30
2
14
2
0
11
0
22
19
20
32
6
27
5
1
8
27
30
13
13
35
0
12
13
13
24
24
24
31
29
21
12
35
19
6
22
21
9
0
32
8
35
35
6
19
19
18
33
1
4
17
17
2
32
36
4
6
27
36
36
16
30
21
27
29
23
23
