23
24
2
34
16
20
15
20
12
0
2
29
36
28
23
17
28
28
8
24
7
25
26
18
0
8
32
18
6
28
8
29
29
11
3
6
4
33
18
26
26
24
35
35
12
30
31
22
23
23
14
7
5
27
10
16
16
32
35
2
34
7
18
30
4
27
9
9
34
20
2
4
9
31
13
13
0
5
34
12
16
30
0
35
34
28
33
30
26
18
0
23
23
22
32
21
7
17
9
4
33
6
15
13
8
28
7
10
18
26
9
23
3
1
24
8
0
1
20
8
12
12
18
14
35
34
23
33
9
21
15
23
27
28
2
1
32
30
11
10
10
36
26
6
7
29
2
8
15
24
11
12
28
20
25
5
36
20
18
32
25
16
16
31
26
14
26
9
16
21
35
6
22
26
32
4
24
0
0
6
12
27
24
24
3
11
36
25
12
6
32
0
6
32
9
31
20
9
9
0
13
9
17
7
35
7
7
36
17
32
30
9
15
16
16
28
24
1
1
15
35
14
17
5
34
25
25
34
19
15
24
14
29
23
1
6
33
2
27
34
32
21
21
14
17
26
26
21
21
36
2
7
7
0
11
12
27
24
0
24
1
5
21
20
7
15
4
9
30
0
5
20
22
17
4
23
8
23
0
0
26
10
20
8
26
10
12
29
0
33
4
3
6
24
24
25
17
34
21
21
17
31
6
23
17
23
33
23
22
27
29
29
36
11
4
26
16
1
11
17
2
33
17
28
28
9
5
3
17
6
26
25
25
21
33
23
24
11
11
11
10
3
21
21
14
17
21
21
16
36
30
7
26
29
29
26
22
29
35
15
16
11
11
27
11
10
14
2
6
19
0
4
14
6
22
28
29
29
27
20
22
33
6
23
13
27
23
1
13
9
9
30
5
12
12
11
8
17
26
29
10
36
35
