36
36
10
26
31
12
31
36
11
11
36
2
29
20
22
24
36
9
13
13
16
8
33
0
13
2
12
18
8
34
0
5
35
3
1
19
28
33
19
7
21
21
27
20
31
25
19
25
12
12
32
35
21
34
8
27
25
1
14
16
16
1
9
9
11
9
27
27
27
20
17
31
15
2
2
18
20
23
13
25
5
16
8
17
31
12
10
21
16
16
29
21
21
35
23
29
29
0
34
25
22
12
21
20
11
11
34
7
6
25
4
31
15
36
24
14
25
15
11
27
13
13
31
10
35
8
8
23
8
17
6
25
8
33
24
17
35
35
3
4
20
18
28
28
35
2
5
4
24
23
2
4
8
22
3
32
28
8
31
31
33
15
17
35
36
19
3
4
14
6
0
32
14
2
21
11
22
25
17
29
17
17
21
27
15
30
16
24
34
14
11
18
15
23
14
20
30
24
24
32
34
5
34
21
17
1
34
34
34
16
16
26
21
29
5
24
0
26
33
2
32
6
31
8
16
7
24
24
33
0
22
34
9
2
19
21
21
14
29
29
21
23
36
36
9
27
26
23
23
15
2
1
33
2
17
27
11
18
18
14
2
34
34
14
34
5
28
15
32
5
9
32
3
12
30
14
19
28
28
9
10
36
32
20
21
10
34
7
15
23
36
14
21
35
15
1
7
27
26
26
0
30
11
12
0
1
16
29
32
28
3
30
32
14
3
24
24
12
33
30
20
26
22
13
2
26
19
30
25
27
16
16
29
7
14
28
28
16
34
0
3
26
13
10
22
1
14
9
9
27
16
24
24
13
22
30
36
0
31
5
3
28
31
3
25
25
14
35
34
15
16
31
33
25
20
25
11
11
4
5
6
6
5
10
33
23
35
35
0
17
17
22
35
30
2
28
24
11
26
