27
5
4
17
2
35
11
11
20
27
9
3
11
6
10
19
19
31
31
15
20
34
32
15
14
17
3
26
26
29
9
13
27
27
15
9
18
31
8
2
31
26
10
27
26
33
2
5
34
29
29
11
30
34
13
1
26
19
2
21
7
18
15
12
9
16
32
23
23
27
7
36
32
25
6
17
26
10
1
4
28
17
34
2
0
34
3
6
4
4
25
4
20
6
36
35
31
18
17
14
23
26
3
21
24
24
34
5
22
30
6
22
22
16
26
28
15
9
9
23
16
16
14
6
26
15
17
17
9
15
1
29
26
0
31
31
20
15
36
7
20
28
17
8
35
34
5
30
28
15
16
30
11
11
33
4
12
12
15
29
19
19
13
13
7
7
16
9
29
29
5
30
6
36
36
28
36
31
27
9
23
25
23
24
26
26
0
17
31
35
20
6
17
30
25
31
31
11
24
36
26
29
29
26
6
19
25
2
35
24
24
29
31
33
22
29
16
20
11
4
31
23
23
13
0
30
23
23
23
13
18
11
27
18
23
35
7
7
28
17
32
12
2
7
7
27
35
25
17
35
35
31
32
10
14
0
32
15
20
31
31
29
29
25
17
5
34
34
26
6
13
14
35
7
13
24
26
3
11
9
9
7
33
28
21
24
20
14
0
0
17
30
25
29
29
35
13
26
1
27
25
15
8
17
13
25
36
33
30
31
2
8
13
27
2
19
18
15
3
3
15
30
30
0
5
1
13
6
11
33
6
28
7
7
13
3
28
19
20
28
28
8
9
12
16
16
14
4
1
16
14
14
29
8
34
24
14
6
12
30
24
1
36
34
20
4
14
22
32
19
30
17
18
3
7
18
22
17
15
15
35
23
3
21
8
27
27
27
2
31
9
35
31
13
29
27
15
26
26
4
16
