6
15
24
24
10
17
9
34
34
18
30
6
2
36
35
22
17
0
6
31
9
16
0
27
2
19
9
8
0
11
11
21
20
0
18
32
11
8
36
30
29
24
23
35
29
29
25
13
6
34
22
6
20
11
18
17
16
22
16
13
17
5
22
8
27
7
33
27
27
29
8
4
36
35
11
27
12
29
30
23
21
13
34
30
2
0
18
14
2
6
4
4
2
13
29
26
9
9
15
19
15
0
0
33
8
0
5
14
4
13
22
20
36
8
8
16
19
19
10
10
27
25
7
29
31
36
14
30
32
33
9
6
36
27
29
10
4
20
16
25
25
7
16
17
0
21
33
28
19
4
3
12
32
33
10
26
28
14
2
10
35
35
2
33
6
35
19
13
8
32
19
19
26
15
27
16
7
10
7
15
35
19
33
20
23
34
2
36
36
5
2
13
28
28
33
17
12
12
4
33
18
17
11
11
1
24
30
36
36
1
23
13
0
34
6
1
18
3
20
3
34
10
10
3
10
12
5
5
22
33
21
10
27
27
3
3
13
5
9
18
25
11
18
29
28
12
33
25
25
30
35
35
13
15
18
0
2
7
7
4
7
6
27
5
11
3
17
6
15
21
2
25
9
7
11
21
14
21
32
26
27
4
4
25
4
13
13
10
36
22
17
22
28
25
10
10
29
30
13
32
14
2
2
29
10
20
29
7
5
17
8
34
0
35
35
8
0
4
32
8
36
20
10
17
13
30
5
31
11
11
31
5
16
20
9
14
11
23
18
20
27
32
21
20
26
21
33
10
19
28
28
32
29
35
31
36
31
31
10
10
9
12
31
8
15
12
26
7
15
22
12
20
33
33
34
11
0
16
33
33
25
16
34
11
19
23
25
21
18
23
11
23
20
24
21
5
1
29
29
30
8
30
17
17
35
