26
7
5
35
16
6
11
11
21
6
2
31
31
1
7
12
1
2
26
19
17
28
7
19
31
27
30
34
5
4
25
26
14
1
22
32
27
33
30
7
14
17
7
7
22
9
28
23
18
18
6
12
14
35
8
12
16
0
0
19
30
5
0
30
22
31
19
30
18
34
9
35
26
33
22
16
8
30
17
26
0
26
21
31
14
5
7
2
4
36
20
6
17
10
10
1
36
4
10
11
19
24
24
16
16
36
36
18
29
29
10
35
5
5
23
13
21
28
10
6
14
15
17
3
1
9
9
27
13
13
23
35
35
35
35
23
9
13
28
6
31
4
8
25
30
34
27
30
13
13
0
34
34
32
19
3
3
14
13
23
14
6
21
13
13
14
25
2
35
23
34
8
18
18
10
6
26
11
9
5
35
12
10
23
23
29
32
23
16
32
25
6
25
1
20
18
7
10
27
15
5
0
27
36
4
3
8
8
9
9
16
9
18
18
18
22
24
35
28
18
0
35
23
26
18
35
6
31
16
20
6
10
20
18
9
26
0
24
36
0
33
7
26
16
16
12
5
33
9
9
15
24
30
5
20
33
20
29
25
0
5
8
8
8
35
16
22
17
19
12
29
17
10
10
11
18
26
1
17
14
5
27
13
15
34
2
14
33
9
36
19
5
36
29
1
16
16
30
27
26
35
20
36
30
0
34
4
14
36
25
16
0
15
13
4
2
33
9
24
24
16
7
11
3
18
34
8
23
23
24
7
31
5
3
22
5
34
23
13
15
9
19
26
26
0
20
15
1
15
24
33
25
26
24
18
3
31
6
10
2
6
18
7
7
16
8
9
20
32
33
4
31
13
0
23
28
2
36
9
18
21
8
3
2
34
24
3
10
10
2
11
11
7
11
25
14
