18
18
33
27
16
28
18
22
7
7
7
7
8
23
10
9
5
19
3
31
20
7
15
18
22
32
3
5
0
26
14
25
26
7
4
7
33
1
29
24
30
23
23
14
17
21
29
28
26
12
35
35
12
21
21
34
34
2
36
16
0
18
3
27
7
3
25
22
20
33
28
33
11
11
8
25
9
30
35
33
21
0
4
14
9
24
28
23
30
10
35
14
13
34
36
9
9
26
26
2
33
14
33
8
25
29
21
27
33
15
8
25
9
34
24
26
11
12
27
23
4
6
18
29
21
31
15
3
4
4
28
30
24
15
32
11
8
5
2
18
32
23
9
6
35
11
4
8
9
9
27
36
12
12
22
2
19
24
4
10
3
35
18
18
16
17
22
29
10
34
5
15
4
8
8
19
22
0
18
27
19
11
24
21
21
29
23
23
34
35
35
2
25
5
32
25
14
7
33
6
35
35
34
36
36
33
20
27
28
36
22
26
10
34
27
34
29
3
17
36
15
23
36
9
25
5
26
25
28
18
17
20
7
0
12
19
11
13
14
28
26
13
18
12
36
8
34
34
21
18
19
31
20
5
31
10
32
18
24
24
1
8
8
4
23
27
33
4
29
31
31
1
3
2
10
10
18
15
24
23
23
32
5
34
18
35
32
7
24
2
17
31
31
3
17
17
28
28
29
29
1
28
35
35
5
25
23
27
35
17
4
1
14
32
13
29
4
8
16
17
20
27
25
23
26
27
29
11
4
1
2
35
22
7
27
10
3
23
30
28
13
24
18
18
13
18
35
35
29
12
8
34
7
32
4
29
11
11
13
25
16
23
22
21
5
30
4
36
32
18
25
12
16
8
0
31
16
34
15
5
2
23
23
22
1
20
10
15
11
17
34
2
8
6
36
16
24
34
29
31
28
36
11
34
6
12
33
17
21
5
34
9
33
