8
33
15
2
7
7
24
2
14
20
29
9
25
26
0
14
12
31
31
0
22
14
25
5
27
27
33
25
16
32
4
33
11
27
1
17
5
18
33
27
7
19
6
4
4
22
7
15
4
22
19
30
25
15
14
36
13
24
17
17
18
18
25
36
36
36
14
29
30
11
11
4
16
18
15
15
33
32
14
28
10
18
15
3
32
27
2
25
25
4
11
2
30
9
35
36
36
22
8
16
16
1
34
16
5
29
0
0
30
34
28
3
36
31
3
19
5
16
16
1
31
32
14
3
31
31
33
22
6
26
33
23
24
26
16
23
15
20
20
17
35
2
28
36
21
21
6
24
2
29
27
1
12
35
9
28
24
24
22
34
33
3
15
5
22
17
8
24
27
17
28
36
36
18
10
10
25
31
21
33
30
12
12
30
22
18
18
2
25
36
13
22
26
19
29
15
18
9
30
31
21
21
2
35
23
30
12
26
3
24
14
16
34
22
20
11
1
24
3
36
23
25
6
36
36
18
15
4
6
9
34
4
35
19
17
17
7
25
9
12
24
13
32
6
21
34
30
29
25
0
0
30
0
25
20
11
9
29
23
20
16
13
13
12
34
20
5
33
22
24
24
2
8
18
6
17
29
34
32
7
5
23
36
0
21
35
35
9
14
15
23
10
2
17
4
18
35
25
28
17
3
34
24
24
16
32
24
8
10
15
33
36
0
2
20
24
33
15
25
13
36
13
4
4
18
30
16
23
21
4
16
23
2
6
29
16
13
8
30
22
19
9
31
3
21
25
0
18
13
16
16
18
25
28
21
17
3
19
22
9
36
25
35
19
35
23
23
8
10
30
9
3
13
5
18
22
13
36
5
0
28
26
16
7
32
19
23
12
23
5
0
35
36
36
1
1
18
30
22
