23
16
14
23
23
10
13
34
35
26
13
16
16
15
6
8
16
7
19
4
4
24
34
26
26
31
11
5
15
12
12
36
8
10
31
1
35
20
28
18
11
35
14
14
24
4
7
1
20
3
35
21
21
30
18
24
8
7
34
0
7
15
23
28
24
17
14
17
9
34
22
12
16
16
9
17
17
19
15
21
8
17
33
33
30
20
26
6
13
13
24
30
13
2
35
35
25
12
34
31
22
0
15
16
13
7
28
27
14
12
11
35
26
19
13
13
23
32
6
29
4
18
12
8
25
25
19
13
31
9
5
20
14
25
21
25
4
16
15
23
3
31
25
30
3
3
27
20
3
35
7
33
28
26
13
32
5
36
31
6
15
33
11
22
0
10
14
14
25
25
6
14
18
29
13
15
25
12
12
25
6
19
14
19
35
36
13
14
35
24
32
7
1
15
8
8
12
17
14
16
25
1
12
20
16
8
8
12
11
11
23
21
8
31
36
30
26
17
17
14
12
20
16
18
9
9
19
19
29
33
8
26
16
12
22
18
18
20
22
4
19
15
25
1
7
30
3
14
31
1
25
0
24
16
10
11
2
33
32
1
34
24
4
4
10
13
17
16
30
35
10
5
21
33
20
21
8
8
14
28
1
8
8
17
24
19
3
0
19
1
5
9
31
31
31
29
13
0
3
25
4
16
34
34
30
5
6
4
32
23
23
29
29
17
5
20
18
21
20
31
17
17
23
2
13
22
7
10
0
20
14
0
27
3
5
36
22
34
9
10
20
32
27
0
34
34
9
30
30
22
2
36
4
1
16
28
1
21
10
13
13
17
35
31
28
31
5
25
28
7
7
11
35
35
1
12
34
14
33
5
0
8
36
3
30
13
5
5
30
13
27
27
27
20
32
7
13
3
11
17
16
30
