25
25
28
28
25
15
12
29
24
28
15
27
36
18
26
11
10
13
21
29
16
22
1
18
7
6
34
3
30
29
29
14
32
2
21
12
14
27
15
24
24
14
1
2
26
30
26
4
36
28
4
24
28
31
20
12
13
0
35
34
17
32
21
14
30
18
29
35
22
28
18
22
30
20
20
25
18
18
18
28
18
18
34
17
17
31
31
16
12
4
29
31
28
0
27
17
1
11
11
7
9
28
25
2
21
28
17
35
20
32
2
36
36
36
0
26
21
21
19
3
17
26
32
32
7
6
16
35
20
33
36
9
21
17
29
4
23
35
15
21
10
8
9
4
21
21
26
35
18
33
19
33
24
24
24
19
16
24
24
23
24
24
22
8
30
0
1
6
27
31
31
10
11
18
3
0
24
36
5
15
30
31
7
13
13
2
33
30
24
23
21
9
29
29
14
7
7
15
21
32
23
21
21
21
10
27
31
8
4
8
8
29
12
12
32
35
35
24
8
8
35
24
5
34
31
3
23
13
15
0
14
13
13
10
22
10
24
9
18
6
19
30
20
33
14
0
10
29
21
17
17
7
30
3
23
9
31
27
16
12
20
1
9
25
25
9
9
9
35
35
23
3
36
1
3
23
7
7
21
21
10
10
0
29
19
19
11
23
28
1
28
24
16
34
9
31
17
11
13
14
25
8
36
14
28
4
22
35
9
9
9
31
25
26
0
15
23
15
25
25
14
6
32
16
1
4
4
27
35
35
4
19
21
24
7
31
10
20
34
6
13
20
21
11
28
33
35
19
13
6
9
9
34
11
21
32
0
12
2
18
15
22
0
16
18
27
24
25
18
10
13
28
7
11
2
17
15
15
1
13
2
18
18
14
0
10
33
9
14
29
33
15
1
3
18
18
9
7
18
25
25
28
9
