35
10
30
30
13
13
33
10
10
15
28
27
5
30
36
36
29
20
19
25
17
27
22
13
13
31
34
2
35
35
3
34
3
26
30
26
31
14
36
22
34
19
17
0
0
18
25
25
18
3
30
13
32
7
16
16
5
1
15
4
19
34
2
9
15
19
9
0
15
35
28
11
33
7
20
17
34
34
21
23
33
33
1
32
17
14
5
26
2
10
26
29
29
14
2
0
33
16
21
3
36
26
26
26
34
35
29
31
11
11
3
26
33
10
10
21
20
29
15
34
0
8
8
11
18
28
1
2
23
29
30
9
18
23
21
20
21
21
7
12
22
29
29
23
35
14
13
25
1
6
27
30
31
25
15
10
25
30
29
29
11
18
21
21
31
1
31
25
8
35
35
8
20
28
18
27
34
27
33
23
23
9
26
20
1
35
6
2
28
28
4
29
15
22
12
18
25
36
36
7
20
20
19
5
25
21
16
18
1
7
34
1
20
18
24
18
6
0
0
15
19
10
32
5
24
32
4
5
3
6
25
32
31
29
29
33
13
13
29
23
27
4
14
20
22
5
21
8
9
33
17
12
35
29
3
32
17
21
22
11
2
24
15
36
28
4
10
31
33
26
26
26
2
34
23
2
0
11
2
5
1
12
12
32
4
0
18
15
15
31
25
34
34
27
27
1
29
7
0
23
23
25
28
9
16
16
13
32
6
10
10
13
32
20
19
23
29
29
35
13
13
22
8
36
7
3
3
35
25
20
19
7
5
26
26
6
21
2
31
31
13
31
9
9
1
4
11
1
32
33
31
36
23
29
19
32
19
13
10
24
27
16
36
5
18
11
19
36
7
16
16
22
10
18
13
29
13
19
27
3
3
32
33
23
0
1
19
18
35
32
33
30
25
0
25
25
13
16
