28
19
8
23
23
28
16
25
32
25
34
12
13
10
11
4
28
36
31
15
6
29
7
34
15
3
30
25
25
3
25
31
31
8
21
5
23
22
34
17
4
11
33
15
31
31
20
15
10
10
12
14
13
22
26
0
11
29
21
19
19
33
5
34
25
4
27
35
35
32
15
3
27
23
3
32
14
13
13
29
18
18
36
29
29
11
1
12
23
24
24
20
29
29
3
23
26
2
18
30
29
14
2
16
28
5
15
25
28
29
30
7
34
14
24
19
0
33
17
27
29
29
1
18
6
28
14
9
5
5
0
6
13
9
9
15
8
2
18
28
21
11
14
21
36
36
1
31
31
7
30
9
5
4
9
24
24
24
17
15
29
34
19
10
10
13
3
8
25
25
18
32
20
28
32
14
7
7
29
5
13
13
10
6
35
35
36
2
6
18
11
11
21
6
7
13
2
32
1
32
0
36
30
15
7
7
14
23
14
1
25
25
36
10
24
0
17
35
1
22
3
4
4
29
21
19
25
14
18
35
30
7
2
33
35
3
23
23
23
23
4
21
18
4
28
2
25
29
29
18
26
19
17
10
31
17
30
17
11
20
24
34
31
28
2
2
31
4
21
8
29
27
28
33
22
11
31
8
16
16
32
23
5
28
24
9
24
2
12
14
4
23
34
21
6
30
1
25
25
10
19
19
11
22
2
12
17
25
29
32
14
12
20
22
2
32
33
1
28
28
34
0
32
33
18
24
24
15
10
28
25
14
34
35
2
2
25
0
11
16
4
13
17
17
28
21
21
2
13
36
16
10
32
24
9
31
7
7
35
23
17
22
5
29
25
16
16
7
24
24
23
27
29
10
30
8
22
31
23
32
1
2
27
28
28
8
27
23
6
0
23
4
20
12
34
6
35
35
9
0
4
