24
17
29
15
9
24
2
34
0
5
14
18
18
20
9
10
10
22
4
26
20
27
25
29
16
16
32
32
15
8
32
3
9
26
29
4
3
2
8
7
28
10
10
18
5
16
34
18
33
1
23
16
17
1
22
1
8
32
7
30
14
29
8
27
31
5
28
35
35
35
21
27
27
0
4
26
29
32
0
7
3
26
19
19
36
27
35
23
17
7
20
20
21
12
5
26
17
36
22
4
2
18
29
10
16
14
27
1
30
18
30
28
2
6
3
30
12
17
28
25
33
33
4
6
28
28
25
26
7
19
11
1
28
28
16
1
31
15
32
23
23
36
36
16
26
34
15
5
17
4
14
27
5
32
25
0
24
24
9
7
3
4
1
9
36
28
13
32
26
23
5
24
34
29
8
11
7
14
7
24
11
11
8
33
7
27
10
22
35
35
21
17
33
2
35
2
15
20
26
11
8
31
33
30
1
26
18
13
14
29
22
36
24
33
36
18
5
6
8
10
32
25
25
2
11
9
25
32
4
15
30
21
13
35
9
9
28
7
15
18
23
10
36
29
3
19
8
8
28
35
14
8
12
34
31
31
21
2
19
19
36
0
31
3
12
23
23
29
33
14
30
22
19
25
25
30
27
10
10
4
6
1
25
16
35
3
17
11
21
29
16
1
9
35
19
14
34
34
28
33
14
4
14
1
35
35
33
31
0
3
32
7
1
7
25
19
9
30
35
35
30
33
17
17
30
16
16
5
1
8
25
6
35
20
17
36
35
18
18
11
21
7
5
4
26
5
17
22
10
21
21
16
9
9
3
0
24
2
26
26
33
32
13
32
10
22
32
36
36
29
25
7
4
33
35
23
23
23
18
18
9
8
30
36
31
29
15
32
4
9
6
0
13
22
25
25
10
36
36
25
10
