35
15
0
13
10
32
13
30
20
28
29
29
15
20
2
25
5
17
35
24
19
11
19
26
7
29
2
34
4
10
32
29
15
10
3
22
20
26
8
30
29
17
17
21
35
20
21
15
13
13
28
13
25
28
2
29
10
19
8
1
35
3
13
13
32
34
19
22
22
0
16
16
12
18
18
32
11
34
2
34
22
14
22
13
17
25
24
36
7
14
29
29
9
9
0
5
22
1
1
2
11
18
27
17
11
16
9
35
13
11
32
9
36
36
14
12
27
16
22
14
34
26
8
17
24
24
32
29
27
26
11
5
8
34
11
32
23
34
34
35
12
20
0
22
2
25
35
35
17
7
14
27
12
2
31
12
33
4
28
31
31
20
10
10
28
35
17
33
14
5
17
0
12
12
7
12
5
1
15
22
10
8
3
12
31
12
29
2
29
5
19
7
6
24
24
9
17
18
18
24
16
1
0
11
23
23
9
12
16
6
9
9
18
10
30
31
4
1
20
10
12
17
12
34
11
14
7
4
25
18
1
20
30
10
12
14
8
7
0
29
0
34
6
19
24
15
1
20
33
11
34
14
16
16
4
19
22
3
32
11
11
18
29
24
34
25
27
23
33
2
14
16
19
33
3
14
32
14
24
6
15
2
6
12
36
33
14
6
1
27
31
35
36
24
31
1
2
11
26
8
2
5
3
17
16
32
17
0
7
8
25
26
14
2
12
36
36
3
14
8
19
7
7
3
10
15
23
23
25
25
4
21
6
16
31
31
11
26
11
9
7
7
1
34
25
25
14
2
11
34
25
27
27
33
13
3
23
29
8
23
25
19
30
7
12
33
19
25
8
11
25
18
11
21
10
14
21
30
27
30
26
26
0
12
16
28
32
22
29
7
9
30
31
9
9
24
22
25
28
29
3
22
14
31
28
11
