29
3
6
4
35
35
29
29
16
24
24
19
13
2
19
32
13
16
26
33
17
14
10
32
29
9
27
27
27
10
36
36
12
15
25
33
22
2
7
27
19
5
22
15
11
14
0
19
10
7
30
10
31
14
22
3
11
9
4
3
15
29
3
4
5
33
21
21
13
5
24
9
25
26
19
36
33
1
3
15
21
0
15
18
16
12
24
25
26
1
29
16
16
11
15
31
3
12
12
26
29
1
29
13
17
20
12
30
4
7
5
8
7
7
29
31
26
28
28
13
35
35
36
32
20
20
6
4
6
23
7
1
34
6
0
30
26
3
32
13
14
17
14
7
26
24
24
36
16
14
33
8
0
24
12
12
6
17
32
5
10
34
2
31
19
15
32
21
14
7
1
35
35
25
5
30
10
26
24
1
17
17
8
3
25
25
11
10
15
13
13
26
29
22
34
1
28
28
21
21
36
15
6
9
23
15
33
13
36
23
23
11
5
6
14
13
36
6
34
8
6
32
2
24
33
16
4
28
23
17
17
3
14
33
22
22
31
3
4
22
19
34
25
12
15
18
20
4
32
2
5
32
4
17
13
13
2
17
1
2
12
28
18
8
31
18
25
25
13
6
12
2
29
32
21
17
9
35
35
36
20
27
15
32
19
28
6
1
3
18
18
2
23
35
7
33
2
21
9
9
25
18
19
14
2
36
0
23
26
8
16
16
10
26
26
3
24
27
36
36
0
0
30
29
24
35
30
13
0
13
14
24
8
32
25
30
13
11
11
27
15
24
16
17
17
9
5
2
24
24
11
6
1
11
11
5
2
22
4
11
11
33
33
1
31
31
36
0
14
13
10
10
11
24
31
25
6
30
3
16
13
16
30
29
10
14
18
36
29
21
19
27
27
30
7
1
8
9
12
34
22
32
36
