27
5
13
36
32
29
29
4
27
18
28
28
35
18
0
6
13
19
19
19
35
35
25
6
7
24
18
21
29
27
19
20
20
23
31
13
22
21
21
21
25
22
14
17
8
32
14
12
16
5
2
20
33
0
30
16
30
0
6
3
9
9
23
18
11
30
22
21
21
26
3
14
8
11
4
28
16
8
9
29
26
5
19
35
3
12
34
31
3
1
1
30
25
24
24
19
31
10
25
1
32
29
16
12
12
20
6
2
10
13
29
32
10
0
36
36
12
9
34
20
5
23
6
25
30
20
7
32
6
0
17
22
30
12
12
29
29
36
19
7
6
25
26
15
15
31
19
21
13
25
31
4
4
12
17
17
14
0
3
9
9
1
20
26
3
31
28
33
23
28
34
0
0
16
4
27
26
20
20
7
10
34
20
24
4
6
17
11
2
27
17
22
13
28
33
6
3
30
9
15
15
35
21
15
17
27
13
12
20
10
8
19
28
25
22
36
34
15
13
35
18
31
18
25
25
24
31
32
0
32
29
2
1
11
28
28
22
0
35
8
33
7
12
2
19
22
25
14
24
29
21
24
24
17
8
26
3
20
4
4
2
19
20
11
14
5
36
36
36
21
21
8
24
16
10
9
20
7
32
32
18
18
0
20
16
4
2
15
2
9
31
6
23
15
13
9
19
24
2
24
15
32
12
12
10
18
33
6
6
6
24
17
33
3
11
11
7
22
10
31
22
5
22
29
11
14
33
2
16
33
19
35
2
5
23
27
36
8
3
3
8
7
32
21
32
4
15
18
23
17
23
11
7
7
26
35
10
10
31
6
3
1
30
7
26
14
24
8
25
25
31
1
6
36
35
5
23
0
24
35
8
34
17
6
12
14
31
11
26
10
32
23
14
20
6
19
27
7
