12
18
18
18
33
24
27
22
18
10
5
1
17
19
25
25
18
35
1
19
15
36
18
1
33
12
12
30
12
12
22
23
4
27
27
27
3
1
4
12
26
9
6
3
32
4
15
12
22
3
21
21
10
10
11
35
26
22
8
36
26
26
28
9
32
15
32
0
31
10
9
9
15
1
24
15
14
16
15
24
29
22
23
23
8
2
32
35
11
23
34
22
2
12
13
10
24
3
16
32
25
33
34
9
29
20
9
9
4
15
2
28
27
21
6
14
25
13
29
7
8
10
13
7
7
31
15
10
31
4
6
31
5
5
27
32
33
24
30
4
3
26
31
6
9
36
7
10
10
4
9
3
14
32
17
17
24
18
24
35
9
9
4
21
30
4
27
32
34
33
5
30
2
34
17
17
20
23
31
0
0
8
21
10
15
27
30
35
18
11
35
13
32
19
9
14
7
20
34
15
7
5
26
1
32
22
35
35
36
36
15
21
27
25
27
25
20
18
28
28
4
32
30
1
36
36
8
25
18
9
24
17
25
25
25
21
0
16
24
1
36
9
17
5
17
24
24
24
29
18
31
5
14
2
1
7
0
21
22
7
5
36
16
27
0
11
11
4
14
28
12
29
29
6
11
4
6
33
16
16
17
16
4
29
29
23
23
23
26
1
0
29
34
30
30
5
21
7
5
22
9
11
18
8
4
29
9
23
34
22
33
16
11
11
6
23
28
24
10
1
36
36
5
18
33
7
7
4
32
15
8
18
28
28
0
8
25
33
10
31
31
17
6
26
6
7
34
34
29
8
1
35
35
25
12
10
26
13
15
23
18
4
31
29
26
18
6
29
9
9
36
24
8
33
24
10
33
29
30
24
4
25
35
35
35
35
13
25
25
2
7
18
21
4
16
35
25
6
16
30
30
