20
11
6
20
0
34
33
4
32
3
14
16
16
13
14
14
36
35
35
33
3
25
34
22
30
25
1
20
1
22
30
17
24
35
7
13
30
26
31
32
16
20
15
32
26
8
28
29
27
35
22
4
18
18
11
0
16
16
22
33
30
3
9
31
11
19
15
11
26
19
29
23
11
21
14
20
8
17
13
0
36
8
4
9
9
1
22
16
18
17
34
20
29
29
33
6
36
20
11
24
1
4
17
18
33
9
36
9
9
28
12
6
29
35
31
33
22
18
4
7
8
12
12
30
13
29
7
7
27
33
3
33
12
7
22
16
18
5
14
7
15
4
1
24
4
34
22
21
1
32
13
2
12
24
32
4
20
3
14
13
13
32
30
24
9
11
7
12
2
26
32
29
24
8
24
29
4
0
29
14
26
19
36
34
28
24
25
22
33
32
7
7
7
35
31
36
8
4
4
3
4
3
23
12
26
21
3
24
5
17
18
24
19
36
30
9
6
30
7
1
29
27
27
35
13
1
2
8
12
16
16
10
32
15
7
22
3
29
34
25
21
15
11
11
9
1
5
31
31
30
4
1
3
23
24
24
21
27
34
28
6
32
33
11
7
12
19
27
29
19
19
18
18
30
26
34
34
30
13
1
20
24
23
34
22
5
24
34
11
11
27
21
5
6
21
3
0
4
7
30
34
13
32
22
22
16
0
27
13
13
23
24
24
20
33
31
17
19
12
5
0
15
15
35
29
11
5
0
9
9
31
31
12
29
5
24
32
24
1
0
7
32
13
20
2
12
2
21
26
17
26
19
32
32
31
15
12
24
25
9
9
5
1
4
31
24
4
22
34
22
11
22
10
27
14
20
36
7
26
11
29
36
3
23
29
29
20
9
2
4
1
8
12
28
28
12
29
9
16
27
8
9
