8
26
15
27
5
0
8
17
35
21
9
4
23
22
8
18
18
25
7
16
1
13
30
16
16
36
4
7
15
29
29
26
33
26
34
33
20
3
30
8
29
22
1
0
17
23
1
8
7
16
19
17
5
13
30
32
14
2
15
9
22
30
7
11
0
27
21
16
18
23
14
17
12
3
12
20
26
33
13
8
2
0
20
1
22
29
20
0
33
15
33
36
11
36
36
7
19
2
16
14
8
24
3
35
20
8
29
14
0
32
16
24
6
11
3
33
30
0
10
24
15
5
8
11
7
17
34
17
1
17
17
11
25
17
26
28
7
35
33
17
4
13
18
29
32
27
11
9
33
19
23
21
21
13
30
0
2
17
9
3
3
15
25
20
36
13
8
30
24
32
19
25
36
31
6
36
12
25
25
31
32
9
9
17
24
0
35
35
26
25
36
30
2
16
8
20
24
6
15
17
24
20
10
17
5
35
8
1
9
32
10
10
4
9
15
30
29
10
35
27
13
16
28
28
22
35
0
2
17
20
25
36
28
28
36
36
11
13
13
28
30
18
21
32
24
33
35
18
27
31
32
8
27
12
12
31
29
4
10
8
1
27
28
28
23
2
19
14
2
31
23
36
18
20
24
35
26
36
2
22
22
6
24
33
36
8
7
4
31
31
6
33
28
33
1
13
34
22
23
18
14
0
34
20
4
29
2
35
15
1
4
16
24
12
27
6
29
29
19
14
27
3
31
3
5
13
12
25
21
9
1
15
30
33
13
11
24
29
29
35
6
5
31
10
10
30
2
11
5
1
32
15
36
35
29
26
13
13
26
12
29
16
26
14
22
26
19
31
17
17
11
31
5
27
30
2
32
1
23
17
34
35
35
31
28
8
10
8
11
19
24
2
35
25
4
11
11
22
35
0
1
14
35
26
