10
10
4
11
16
11
36
36
36
1
18
18
12
12
12
30
29
15
11
22
24
1
10
15
24
30
29
13
5
34
17
36
10
29
7
25
14
27
32
25
19
16
15
4
4
11
11
7
27
33
2
2
2
21
18
13
31
31
13
16
26
35
16
4
18
6
1
30
6
34
22
23
3
33
36
21
27
1
4
34
2
14
20
1
6
20
12
20
20
21
19
28
7
33
32
12
2
30
17
28
36
24
22
2
35
35
13
9
9
32
26
13
1
7
31
29
7
34
11
30
11
36
26
20
2
14
27
14
8
6
14
10
26
26
28
28
20
13
33
2
3
24
24
17
7
36
36
15
31
9
3
12
13
13
19
36
24
24
23
27
0
5
6
18
14
0
31
24
24
30
25
25
11
25
25
4
13
15
35
35
8
6
12
16
16
8
18
18
25
34
24
22
21
33
6
33
19
19
4
9
8
32
30
8
8
17
8
36
2
34
14
26
30
0
14
30
35
25
29
21
25
5
2
25
18
21
30
1
15
30
28
28
35
31
17
10
21
21
21
16
4
13
3
27
0
34
6
34
9
33
6
10
9
18
35
35
26
22
29
3
3
35
16
4
18
30
26
9
9
29
3
0
10
10
23
14
11
25
6
25
25
21
17
8
32
15
18
18
12
30
7
14
1
24
29
20
29
29
34
1
0
26
2
28
2
5
11
26
8
16
10
19
20
22
20
27
27
31
21
14
13
29
21
14
28
1
28
11
31
6
22
17
34
11
29
25
4
10
29
14
2
4
32
11
23
21
5
33
28
28
23
10
29
1
23
28
35
2
32
3
36
13
8
2
29
14
8
18
8
7
16
16
2
16
9
9
1
20
36
36
6
5
8
5
12
32
7
17
15
28
12
12
26
26
10
6
23
9
9
