21
36
21
36
22
29
29
14
19
24
24
18
5
15
16
33
29
16
25
36
19
19
13
9
31
31
32
22
6
26
31
25
0
34
23
17
13
6
24
23
5
6
2
14
31
26
20
12
36
19
36
35
34
4
14
3
20
32
29
31
27
5
6
17
23
23
3
0
23
23
8
7
7
2
17
33
23
10
10
2
16
30
17
19
27
12
12
3
6
5
16
33
4
7
8
29
25
10
1
29
30
25
25
35
5
24
24
32
35
3
7
18
18
20
26
26
33
17
30
5
10
10
11
19
32
21
8
7
25
18
32
32
29
18
20
16
17
33
33
35
34
13
12
11
11
29
30
7
31
4
4
15
14
7
6
17
20
20
0
34
27
7
30
9
16
16
14
5
4
30
2
33
26
23
6
17
17
2
10
22
5
31
3
14
29
15
6
13
30
32
34
34
26
26
19
19
36
19
0
27
5
14
12
31
24
12
24
23
35
22
4
34
13
13
13
36
31
0
22
19
10
21
21
36
32
28
2
4
6
1
23
10
15
22
0
1
24
8
36
20
28
2
32
18
8
31
31
21
18
6
27
33
30
36
0
10
6
5
28
34
33
5
11
28
11
19
34
20
6
12
2
19
19
30
5
10
15
20
21
21
28
1
29
1
5
25
3
9
2
18
9
27
14
6
6
6
21
11
32
28
28
25
33
18
32
28
7
20
29
31
25
0
23
10
10
30
36
7
36
0
30
17
17
0
18
36
8
8
30
33
28
21
33
36
21
1
30
2
7
7
7
7
15
5
11
29
23
33
4
28
30
12
1
25
6
31
28
10
18
1
21
10
10
36
3
9
25
18
9
19
7
17
13
8
25
14
29
29
31
36
36
29
12
25
16
16
25
29
34
1
20
24
24
34
27
27
35
2
32
18
8
32
32
23
28
7
