29
18
18
29
29
11
9
9
29
33
17
4
28
31
20
4
2
33
9
16
28
24
16
36
36
36
26
7
16
11
30
5
2
14
19
33
17
0
7
7
14
30
33
0
21
16
36
36
34
18
15
23
9
21
12
2
11
11
12
24
24
14
4
6
5
36
36
26
31
17
17
16
32
34
34
8
6
31
24
24
14
20
7
1
14
30
11
35
14
33
17
27
30
15
17
28
9
0
4
26
32
26
34
15
19
22
36
18
8
35
7
7
33
32
4
3
35
8
1
31
33
10
34
28
21
11
30
19
2
0
16
24
3
11
11
0
16
3
26
10
23
34
34
12
12
8
33
12
23
28
28
2
6
8
2
23
4
25
26
17
27
24
18
18
35
35
26
28
6
26
15
23
16
0
4
6
8
3
0
18
23
27
0
10
10
24
25
25
6
17
12
12
0
12
12
25
26
19
19
32
21
21
30
33
1
19
20
16
19
21
9
8
24
5
13
11
13
35
27
33
1
21
5
6
11
3
19
26
8
8
7
28
12
3
8
26
2
13
19
35
17
21
17
16
1
3
13
32
11
11
8
7
19
10
6
1
22
23
15
31
10
9
11
28
2
35
22
23
31
31
36
0
3
15
8
10
6
8
13
1
19
4
0
28
28
27
29
10
2
21
9
20
35
30
34
22
21
29
9
8
31
15
1
32
34
11
24
24
34
33
34
33
4
28
28
2
28
16
11
20
8
9
34
12
0
30
31
29
18
18
33
30
17
17
29
17
6
20
33
36
34
13
3
31
33
7
21
35
2
18
18
6
1
8
15
12
22
19
20
27
33
16
15
4
11
9
33
3
28
21
21
16
10
11
15
23
3
10
6
8
21
8
3
25
12
22
1
0
15
7
30
14
34
4
1
6
22
13
25
29
19
35
8
4
13
20
28
