4
1
26
33
11
29
27
29
32
22
36
6
31
13
8
18
34
14
21
30
31
11
2
7
33
24
31
4
8
10
32
2
10
3
15
15
25
1
17
8
13
23
17
3
4
10
10
3
32
16
26
15
4
30
18
16
16
8
21
11
11
35
20
13
20
0
21
20
31
21
8
9
11
11
16
30
25
23
11
11
21
21
3
11
15
26
15
36
29
31
1
24
28
5
24
8
11
11
14
11
23
33
27
10
27
27
23
25
3
8
4
30
33
4
0
26
3
15
9
29
35
12
19
31
17
12
10
36
4
26
16
22
27
31
13
19
30
30
0
7
19
3
35
6
11
9
3
4
15
26
1
24
34
12
2
24
24
11
2
26
11
11
0
36
11
11
22
8
11
18
0
2
7
27
2
12
15
11
24
12
12
36
15
15
1
3
4
21
9
9
35
34
12
9
10
22
21
21
1
35
3
34
34
21
11
21
5
29
22
25
15
12
31
5
35
36
28
7
12
5
15
36
20
3
2
26
6
2
19
12
9
19
33
33
15
22
4
20
7
13
22
22
3
1
16
6
27
5
12
22
30
29
6
3
2
14
27
10
34
7
26
26
23
26
14
15
6
32
13
10
17
0
13
9
10
26
15
5
24
20
17
15
14
13
0
24
24
31
20
7
4
9
29
29
30
17
17
35
14
32
27
27
12
5
6
2
1
13
27
24
24
12
12
4
30
36
7
7
12
10
30
36
27
22
0
0
10
17
3
2
36
5
6
13
3
21
21
5
25
10
26
26
34
19
15
25
25
18
28
4
26
18
18
35
30
27
13
13
16
10
32
19
27
13
4
25
0
15
36
24
22
36
32
11
9
12
26
30
29
22
22
0
35
29
24
2
22
16
15
8
29
29
32
14
5
8
29
36
22
