34
9
31
7
7
26
8
13
11
36
13
19
8
13
17
34
6
7
32
8
4
14
35
10
13
7
13
9
8
22
13
10
10
29
0
13
36
15
11
11
32
32
5
19
6
26
26
20
36
13
26
20
16
27
26
16
30
22
14
0
22
19
15
25
35
35
22
11
14
11
19
14
22
22
6
9
14
17
17
23
19
31
32
22
22
1
28
7
22
11
11
22
6
3
8
34
25
25
7
2
23
15
14
1
24
27
28
5
20
36
36
36
34
0
28
32
9
16
32
33
20
17
20
14
6
18
10
4
29
2
10
0
25
28
32
32
24
24
16
30
2
21
31
6
33
35
35
15
29
1
21
29
30
19
10
7
25
9
16
16
5
11
32
17
5
20
16
7
27
28
6
6
10
26
10
20
5
24
1
28
17
6
10
0
22
25
4
27
27
20
4
3
15
33
17
3
22
20
5
18
18
18
33
8
28
28
2
17
7
33
0
25
4
29
24
4
3
26
19
30
18
29
15
3
19
9
14
10
0
31
31
0
4
31
5
4
30
34
23
18
35
35
22
28
23
20
17
33
10
23
4
0
24
1
14
36
10
27
13
13
2
29
22
17
4
2
29
29
0
31
8
12
18
21
36
36
5
7
17
24
14
1
9
27
22
35
28
30
18
6
21
13
14
1
6
5
13
24
20
31
9
23
24
30
7
16
22
13
11
5
14
29
35
6
8
7
7
27
29
29
35
24
13
13
29
8
27
13
26
22
34
31
6
35
14
11
32
19
12
27
17
20
34
5
30
20
32
30
27
7
1
19
7
1
14
16
27
16
11
28
21
23
10
12
12
17
2
7
7
2
2
13
22
28
10
10
33
36
36
17
23
13
13
8
18
23
22
20
24
8
2
4
3
6
26
26
19
0
9
9
9
5
9
17
