17
0
14
31
10
35
25
27
34
0
18
21
21
7
26
26
10
20
31
31
31
9
30
23
33
31
9
13
33
8
24
18
6
31
0
26
34
22
19
5
32
29
14
26
9
23
23
9
12
12
17
36
15
28
28
17
3
1
31
7
28
9
14
6
8
7
7
35
18
33
11
11
29
7
7
14
13
13
15
36
13
9
21
2
33
11
23
2
29
17
10
24
24
34
10
24
32
15
14
26
33
19
23
23
2
12
20
29
1
32
35
8
32
23
11
22
3
0
20
3
7
5
6
32
31
11
29
0
31
31
23
3
33
18
30
5
5
27
22
34
10
14
5
5
33
6
23
13
12
5
25
35
23
30
5
26
22
14
18
35
29
35
19
31
29
31
31
8
19
28
28
28
20
18
34
7
34
23
34
14
35
16
1
15
23
8
9
35
15
12
34
20
26
29
22
19
35
5
10
17
17
11
12
12
15
24
25
31
7
27
18
23
15
17
7
18
24
11
11
34
17
19
9
10
27
9
5
26
4
34
4
4
23
21
28
20
32
17
9
18
23
33
18
22
32
3
22
10
21
0
10
36
35
35
29
25
18
28
26
1
27
1
28
31
36
6
9
35
12
13
23
31
24
17
9
5
1
7
7
14
7
0
12
3
25
1
24
9
21
28
11
31
17
21
36
5
0
13
13
27
27
11
26
34
1
27
27
36
25
0
28
32
17
16
10
7
14
22
36
18
9
9
13
13
1
16
16
13
19
22
18
11
1
26
18
27
2
29
12
34
10
23
0
27
4
12
8
4
35
3
32
32
9
15
20
14
25
33
30
8
29
29
15
13
30
18
32
32
33
0
34
8
2
35
27
14
18
18
13
21
22
0
2
3
8
32
22
32
4
25
1
9
23
19
18
20
12
22
