14
30
6
12
4
29
26
32
22
30
4
11
25
13
30
21
14
26
8
1
3
22
19
20
15
26
25
25
8
8
20
19
19
19
35
1
9
20
25
18
2
18
22
17
28
28
2
6
4
14
1
25
0
2
6
7
6
29
35
28
35
35
26
9
16
10
19
19
22
23
4
28
2
22
33
22
21
30
8
22
32
0
33
30
0
3
11
24
24
18
11
16
34
22
14
0
10
24
35
6
10
30
14
30
9
28
23
14
1
3
5
23
6
14
12
18
5
26
29
13
26
16
2
17
13
13
33
26
14
24
1
12
8
33
5
28
28
5
5
24
21
29
13
3
17
2
6
4
16
4
18
17
32
12
1
7
4
21
21
22
0
32
13
14
34
25
35
14
21
20
25
8
33
17
8
4
4
7
31
10
0
36
30
2
33
34
7
36
24
24
24
24
33
35
35
18
19
7
27
30
25
25
0
33
35
0
36
36
27
29
21
22
33
21
0
9
23
1
32
36
13
33
27
6
15
31
9
12
16
16
28
11
11
33
12
12
31
36
0
25
25
3
20
13
2
23
5
21
20
7
34
28
3
19
0
14
5
3
17
12
26
20
9
11
2
29
13
22
28
33
27
33
36
26
2
25
32
31
34
26
26
4
21
8
33
5
6
14
21
12
20
16
34
16
24
24
34
35
12
12
23
26
1
13
20
3
23
23
11
3
34
36
24
26
6
10
10
33
6
14
3
12
33
35
31
32
10
13
5
17
15
2
17
32
35
32
35
30
30
23
1
23
9
9
19
16
28
7
7
27
29
15
24
1
8
18
12
34
20
29
0
20
20
25
25
33
9
9
5
2
3
27
9
32
34
34
1
7
31
34
29
29
32
4
36
16
16
24
18
8
34
17
13
13
8
35
35
6
26
21
21
8
22
36
36
12
1
30
1
15
