22
25
31
22
36
1
28
27
2
9
9
8
11
9
9
3
29
29
35
35
33
16
7
7
6
10
6
34
22
9
23
23
8
30
5
34
20
20
10
10
21
10
23
17
34
18
9
12
4
4
19
25
1
7
2
22
36
36
26
27
12
8
8
17
4
0
11
19
3
23
23
32
28
0
7
12
27
26
2
18
18
19
28
17
24
29
29
2
35
28
32
23
34
10
26
34
9
0
9
21
21
33
23
35
21
11
30
15
1
22
18
18
21
22
8
26
6
21
28
11
8
20
19
29
7
7
12
12
24
23
23
27
12
30
32
23
7
7
10
6
3
33
27
31
14
24
12
22
32
28
14
6
30
35
1
29
29
22
31
9
0
13
6
14
7
26
0
25
20
20
27
15
27
27
14
31
32
19
21
21
6
26
13
17
16
15
15
21
21
12
15
5
34
34
34
36
19
4
27
21
10
35
22
0
30
4
4
2
29
1
34
27
23
17
36
22
12
9
6
29
0
28
16
12
33
9
35
6
35
35
0
35
14
11
11
4
2
11
24
1
6
24
24
18
18
10
3
28
0
18
26
4
11
34
26
30
24
29
14
1
7
14
3
26
15
31
29
29
21
17
33
24
13
16
16
36
31
25
16
16
16
20
27
5
23
35
21
33
6
5
13
7
27
27
23
9
27
11
30
0
8
8
6
9
9
10
27
3
16
5
14
32
35
2
1
31
3
29
16
4
5
14
2
6
12
8
23
23
20
8
35
24
15
28
2
36
6
18
23
14
29
6
36
32
0
24
31
2
28
11
23
23
33
29
28
10
36
30
15
20
20
33
23
31
32
7
12
6
10
21
20
8
20
6
23
27
7
35
12
33
15
10
0
15
8
31
5
23
6
30
14
28
25
29
15
36
18
22
17
24
