9
27
26
31
29
33
10
28
20
25
33
30
10
4
22
2
16
32
16
24
12
2
30
33
15
21
33
10
5
21
0
29
30
12
13
1
31
22
6
17
30
9
24
30
1
15
2
4
31
7
20
11
32
16
11
5
22
9
34
36
36
36
4
17
16
4
6
17
25
25
8
9
18
24
24
13
1
8
29
29
34
20
17
15
19
31
26
14
28
11
11
33
36
25
15
34
9
6
21
25
25
24
24
29
23
30
7
20
6
7
21
2
7
5
35
2
10
4
24
10
10
14
35
19
10
19
0
15
3
16
26
34
14
21
29
29
28
22
11
28
1
14
6
33
32
14
22
18
0
12
0
30
16
16
10
11
18
11
10
23
4
28
23
23
4
36
29
29
30
10
31
19
1
24
6
0
3
35
6
2
13
15
21
16
16
26
5
30
35
22
17
20
25
22
14
34
8
13
13
21
1
3
15
16
9
2
1
19
13
13
23
23
19
28
35
10
33
2
33
21
32
22
4
4
13
26
4
0
0
16
28
7
7
15
0
25
12
12
29
11
21
4
3
1
1
29
30
10
0
13
4
12
18
20
24
28
28
28
26
23
19
21
21
34
18
4
4
3
10
10
5
18
18
17
13
16
2
32
8
19
19
36
9
26
4
7
7
30
2
32
32
10
10
14
27
23
23
34
9
9
14
17
6
32
25
31
11
4
27
28
14
10
3
17
4
4
36
18
26
25
6
1
29
32
28
19
22
16
18
33
13
23
18
36
13
17
23
22
31
28
26
24
24
31
24
1
24
24
33
25
22
23
16
16
27
29
0
2
12
21
3
27
6
31
31
36
29
29
0
2
32
27
16
33
30
1
1
2
36
16
35
26
15
12
19
33
19
12
16
19
19
11
7
2
0
10
