8
17
6
28
28
20
23
23
33
24
24
9
21
11
11
19
36
26
0
31
13
1
12
27
3
13
1
18
12
19
35
10
32
13
23
17
9
5
8
25
16
16
35
9
35
35
5
8
18
14
34
0
8
11
11
11
25
31
26
26
20
3
1
29
19
7
34
19
27
4
31
31
10
26
11
1
12
27
22
14
29
16
34
25
32
28
30
3
14
17
12
16
27
27
25
0
35
7
7
31
33
7
9
1
28
36
15
31
31
32
32
0
3
22
30
12
26
6
35
10
4
35
18
5
5
26
3
0
11
35
20
7
3
7
27
24
14
35
10
23
21
20
13
31
10
12
3
25
30
14
31
16
20
11
11
32
23
0
26
29
5
31
5
34
1
15
17
8
11
22
13
30
27
13
13
35
32
15
21
33
29
21
21
13
19
35
14
14
22
2
15
9
0
25
5
2
17
13
36
8
4
12
11
11
7
24
24
28
4
4
32
32
25
4
13
0
3
2
5
4
13
5
1
30
35
1
23
4
25
31
18
29
29
28
27
9
6
1
9
2
14
23
25
12
34
16
29
20
28
9
24
31
30
12
18
13
26
10
5
7
35
5
12
12
1
22
31
29
24
19
33
8
19
5
29
35
27
0
32
23
16
20
7
17
12
9
24
13
30
31
22
15
22
17
0
16
16
30
15
35
13
19
19
26
13
14
30
29
29
9
0
8
15
18
0
1
16
10
8
33
3
15
8
9
26
35
35
1
33
21
34
11
3
29
16
32
9
8
32
23
28
29
8
15
5
26
3
20
1
22
25
22
7
7
28
5
24
26
35
35
17
30
7
7
7
26
26
28
36
36
34
34
17
20
24
24
24
21
13
30
28
28
2
0
36
36
27
9
9
36
36
26
26
26
9
18
33
6
2
4
24
27
3
11
