2
29
6
23
23
17
9
9
35
8
30
5
14
20
5
2
1
13
0
21
21
7
1
31
30
5
12
22
4
7
28
28
35
19
25
25
13
22
2
16
0
3
1
0
11
6
1
14
2
5
3
34
30
19
12
14
30
31
6
35
5
14
12
23
36
9
9
26
16
16
31
17
11
11
20
3
3
29
12
14
34
0
2
30
32
1
14
16
16
16
7
7
4
28
29
20
8
29
29
15
2
1
13
6
25
6
13
30
28
4
36
4
10
13
1
34
25
25
14
35
7
34
36
23
32
22
26
15
24
16
4
24
29
19
22
18
6
23
25
4
34
20
26
14
28
26
25
19
28
11
4
1
3
2
1
5
8
28
1
5
13
13
15
27
27
16
9
9
6
10
21
10
0
19
35
29
29
6
2
25
23
25
26
34
20
12
7
5
4
28
28
8
8
36
14
26
26
12
10
25
19
23
8
23
12
4
13
35
28
27
2
8
30
14
11
34
23
26
36
6
26
5
3
14
30
15
0
27
23
22
34
29
29
6
6
15
23
36
13
33
0
21
14
22
30
30
17
10
20
28
1
5
19
22
14
15
26
26
2
19
25
22
11
34
15
30
0
17
24
32
13
10
32
0
2
3
35
22
24
35
5
8
17
26
1
12
27
13
21
22
34
31
6
28
7
12
5
11
29
13
0
33
10
17
19
29
15
16
21
21
9
9
10
7
7
23
35
23
12
18
24
6
9
27
19
19
4
31
36
2
23
10
14
15
1
16
23
12
34
6
14
19
4
25
10
17
2
20
25
18
11
11
11
35
19
8
25
25
21
23
23
29
3
20
7
15
3
7
30
0
8
14
18
1
2
20
19
8
3
8
28
20
7
0
29
30
30
20
15
8
0
28
23
34
7
32
15
23
24
12
24
24
