29
34
35
35
7
14
2
31
8
11
17
3
25
8
1
26
34
3
30
17
13
14
6
2
25
12
28
28
28
32
32
28
31
35
17
21
7
18
35
15
15
23
21
3
17
8
1
19
13
22
34
4
19
22
30
34
21
7
2
7
19
21
30
29
30
9
31
14
24
1
28
6
12
6
3
33
16
0
11
17
17
17
5
20
12
22
5
6
4
5
9
17
28
33
0
20
31
20
3
9
6
24
24
3
7
35
19
10
33
16
4
27
27
25
25
33
12
18
20
21
3
1
21
13
32
19
16
12
12
7
18
5
9
9
3
12
12
28
26
30
5
32
15
22
18
20
17
34
6
0
27
4
20
21
31
22
23
14
6
2
28
13
16
16
13
3
16
24
19
24
7
19
25
19
3
36
26
29
26
26
19
19
32
33
36
1
18
8
22
3
11
2
18
25
32
21
31
10
1
21
29
2
6
2
9
1
8
5
34
32
18
9
11
21
17
7
27
35
2
34
36
1
19
5
6
33
31
29
10
36
18
4
34
6
5
14
22
5
16
8
32
20
2
11
6
26
30
3
8
0
26
12
12
20
18
30
26
23
12
28
28
6
7
27
14
19
23
1
7
7
14
10
6
0
3
27
32
29
23
29
1
5
25
25
13
25
18
19
19
12
12
18
24
31
4
30
24
16
27
32
10
10
24
16
1
7
15
25
6
5
24
20
20
4
7
7
18
22
13
17
25
1
24
0
5
10
10
17
4
0
25
22
16
0
9
23
3
2
16
28
34
32
9
2
35
28
8
28
22
23
19
27
18
25
18
14
34
22
12
7
30
35
35
29
9
24
2
3
8
17
23
21
14
33
22
22
36
5
23
15
23
14
16
17
27
33
3
14
0
5
1
8
36
34
27
33
18
17
28
33
1
11
11
13
13
8
16
5
