26
26
32
8
20
24
1
2
31
22
11
24
5
31
5
23
21
0
1
6
30
8
26
20
29
30
32
21
25
26
11
11
23
34
14
18
18
27
6
30
15
5
28
36
14
33
33
32
14
15
29
9
5
29
18
35
5
10
6
3
10
10
16
16
35
35
35
35
33
34
1
35
26
2
12
24
8
23
10
28
25
26
12
5
3
13
25
19
2
28
9
10
21
28
29
2
8
19
5
14
36
13
3
27
5
16
10
27
3
31
25
25
33
19
33
32
31
36
14
5
3
1
0
14
18
18
26
26
24
23
28
36
27
27
26
3
3
32
32
1
2
27
11
35
24
8
18
9
2
5
17
33
29
35
23
14
17
25
19
24
27
27
13
13
31
26
1
8
32
4
29
29
12
5
7
5
4
16
9
6
17
5
6
0
9
9
23
20
21
5
3
24
30
16
3
5
15
14
28
11
34
14
12
27
15
29
5
19
31
25
35
3
29
27
29
24
24
20
4
7
35
35
16
1
17
35
13
29
33
35
35
26
26
29
35
31
28
20
26
10
10
0
25
25
35
35
15
16
26
8
22
1
31
34
4
4
17
34
27
26
3
28
21
19
26
36
5
36
36
16
16
23
23
0
9
4
20
20
11
34
17
0
10
5
5
8
26
33
8
23
18
36
25
5
28
0
20
3
14
12
4
23
4
4
13
12
9
24
24
8
26
24
2
35
35
7
24
24
18
11
11
28
3
13
9
36
36
12
12
28
3
28
14
22
19
15
3
16
16
12
19
3
1
34
2
14
18
31
22
27
33
34
20
12
16
31
31
9
31
31
21
20
1
33
8
31
29
29
35
17
17
34
20
0
12
35
0
11
10
21
31
28
12
31
20
9
11
36
16
7
17
13
16
3
27
26
21
9
