33
13
15
9
9
9
1
17
31
22
2
18
18
15
1
29
32
27
27
5
24
8
13
2
11
30
1
22
6
21
20
12
2
7
0
5
6
3
21
21
6
35
11
9
12
19
14
36
13
17
9
30
8
3
32
2
32
19
8
10
31
8
1
14
3
21
7
29
24
5
6
35
31
25
31
16
30
12
35
10
9
34
0
4
4
5
24
36
2
14
35
24
24
21
29
26
8
5
17
23
25
27
30
15
21
11
7
22
32
2
27
11
13
19
36
18
30
10
14
20
9
4
16
24
24
5
8
30
29
0
14
26
16
17
25
25
30
36
5
11
33
24
19
25
17
17
5
25
27
31
23
33
5
32
0
20
21
21
29
13
14
11
33
35
35
31
15
26
25
29
14
11
27
18
18
16
34
33
36
20
31
19
12
12
26
21
35
21
28
25
6
0
15
4
13
22
5
12
25
25
35
22
19
29
29
2
3
33
5
31
9
31
22
2
14
23
31
35
7
33
7
17
8
8
25
25
0
33
9
33
13
20
26
7
21
11
24
29
29
15
1
33
9
9
34
25
25
14
18
3
3
11
23
25
1
31
32
29
21
28
17
30
28
9
25
30
35
4
6
5
26
22
3
30
15
0
13
20
10
11
11
32
17
17
15
14
27
28
25
17
24
22
3
14
4
0
31
6
26
36
29
4
12
9
21
16
6
18
36
11
32
11
15
14
35
34
24
34
3
23
35
24
12
32
16
0
22
13
8
32
11
29
0
21
18
24
2
14
7
7
35
35
34
34
30
13
13
18
8
18
23
25
21
1
28
33
14
20
29
34
9
20
17
14
14
28
30
36
2
31
34
13
2
31
25
33
29
29
7
30
8
3
20
1
21
9
34
34
24
13
2
35
2
4
19
27
27
36
31
21
18
6
3
4
25
24
23
13
31
