7
7
19
29
19
11
19
29
26
26
6
34
30
13
23
8
2
18
36
7
1
3
32
30
5
33
0
24
24
2
5
12
12
0
8
34
34
34
34
34
34
34
20
31
31
1
2
8
9
2
33
7
12
11
4
13
9
30
7
7
10
34
9
32
26
36
18
19
10
36
36
13
6
1
29
29
36
17
9
16
17
13
23
23
29
14
25
27
9
23
23
18
36
31
12
12
27
8
12
12
21
21
34
7
36
36
9
20
32
5
20
22
14
31
27
27
24
24
13
1
1
8
17
9
11
11
31
27
1
17
5
22
27
6
20
0
32
24
1
20
28
12
12
31
31
3
19
7
20
14
24
36
26
21
12
10
12
4
17
34
24
31
30
5
13
36
32
4
27
30
18
11
30
21
12
9
27
22
18
3
18
15
15
13
25
18
5
4
4
9
13
23
23
7
7
32
13
26
1
23
3
19
5
7
30
3
15
24
24
32
15
27
26
17
21
21
9
6
30
11
7
27
3
2
20
22
21
21
7
15
28
34
26
18
31
21
14
33
16
19
8
23
23
32
3
13
0
7
12
27
24
24
36
30
29
13
27
6
1
10
0
4
36
18
20
5
18
16
26
26
24
24
26
18
18
3
11
0
5
10
4
34
18
25
34
3
11
21
28
18
30
15
8
22
31
32
9
35
13
15
23
33
2
30
26
31
36
11
17
29
14
32
4
5
20
24
24
7
9
23
0
30
19
32
16
30
6
1
20
11
24
24
6
22
2
11
1
35
4
0
32
28
28
5
20
21
4
21
12
13
11
3
31
1
34
1
34
10
7
8
26
31
31
11
18
16
17
5
30
34
30
34
1
13
5
36
6
29
26
23
22
30
2
5
19
11
36
0
10
13
27
12
1
27
9
19
25
27
2
10
