35
32
32
32
4
16
5
31
20
35
18
32
28
7
33
18
28
8
34
31
33
5
3
24
24
1
23
17
11
11
21
29
34
3
24
30
33
6
31
3
10
28
12
1
35
35
14
27
19
18
10
24
34
32
1
19
18
29
28
1
2
14
0
35
30
21
7
31
4
23
23
22
35
23
31
20
30
3
5
16
4
16
27
21
6
7
5
19
2
33
5
11
16
35
18
18
0
19
26
28
15
20
33
21
11
9
13
31
36
11
36
36
29
13
4
13
28
19
8
29
14
28
19
10
2
10
17
17
23
32
17
0
9
20
29
29
23
23
36
3
17
17
30
36
23
23
23
15
11
15
30
35
13
8
11
9
27
5
29
18
7
33
4
2
18
33
11
0
0
6
31
24
28
17
23
17
17
31
21
30
36
3
31
17
35
10
24
20
32
26
27
27
21
19
35
35
33
32
17
6
23
26
21
33
16
12
0
14
17
30
12
13
3
1
11
13
35
35
33
28
8
31
18
9
35
8
14
18
30
7
15
12
32
10
36
29
24
32
36
23
23
32
36
19
13
25
16
10
20
13
23
5
30
21
6
25
13
17
21
20
0
19
12
28
17
2
10
36
33
21
21
0
23
28
9
34
16
21
17
29
25
27
20
12
5
19
8
26
8
6
11
11
36
36
22
6
5
11
19
25
18
6
20
21
22
16
8
8
35
24
30
1
35
8
4
22
27
22
12
12
9
32
10
0
9
12
5
8
15
30
31
6
23
26
6
10
10
10
11
18
29
25
6
31
12
16
18
6
36
36
30
6
15
10
18
18
21
11
6
25
10
19
8
34
36
27
28
28
10
18
21
30
0
8
2
10
19
34
34
27
21
33
14
32
28
17
22
25
6
7
35
14
31
20
10
21
34
14
8
16
16
24
29
29
27
