9
33
20
33
3
35
5
24
28
15
13
29
1
2
23
7
20
18
25
27
1
26
26
20
34
26
18
23
4
31
28
28
12
27
10
26
18
7
3
13
25
32
7
22
8
4
4
29
29
9
25
33
15
4
4
23
23
9
6
32
5
0
11
31
22
9
9
29
29
7
2
9
9
23
29
1
16
17
12
15
18
22
1
8
13
33
1
17
33
8
22
27
27
23
4
31
29
17
21
21
28
13
12
21
21
5
29
9
25
22
12
13
12
29
18
7
3
5
8
28
7
7
6
2
20
15
4
34
13
10
7
30
7
14
24
21
21
19
5
8
1
17
22
6
13
2
2
24
5
15
7
1
1
4
4
16
10
10
1
3
18
13
24
12
12
17
23
15
32
20
10
34
17
18
36
0
22
1
5
30
31
3
23
26
4
33
32
32
32
24
11
31
5
10
10
14
7
10
15
29
29
31
28
14
31
17
33
7
30
34
6
5
14
2
18
4
19
6
28
29
1
32
7
35
20
31
16
1
2
22
28
10
10
36
17
4
33
33
22
3
10
30
19
31
35
13
33
0
5
13
8
11
1
34
6
31
1
17
11
8
12
30
0
0
15
8
24
26
13
13
31
0
18
34
33
5
18
17
30
19
19
23
3
20
3
2
11
11
36
3
26
35
11
16
16
11
11
10
19
19
12
26
11
11
6
27
5
4
2
26
12
17
17
3
23
30
3
14
19
31
3
17
14
25
30
6
10
29
15
19
32
27
19
6
1
26
17
0
3
5
17
4
34
12
15
25
30
10
26
29
2
20
24
24
29
6
33
30
7
2
32
9
36
3
31
31
22
26
26
22
25
11
29
29
35
26
28
19
12
24
6
20
23
8
9
7
19
3
23
7
24
36
18
34
7
12
12
20
10
26
25
3
