19
9
30
34
14
20
21
32
32
3
0
20
23
19
0
28
24
33
10
30
18
35
24
9
14
19
6
11
11
12
3
34
19
36
25
14
1
35
29
29
26
20
15
19
35
2
29
14
32
21
22
20
8
12
22
36
15
1
26
2
24
29
3
29
18
13
7
7
5
34
28
14
8
8
34
10
35
35
4
32
3
30
18
12
31
31
10
16
19
19
5
24
3
17
17
34
24
24
4
32
13
25
11
11
22
20
20
19
25
9
34
11
18
27
13
13
22
28
30
28
31
35
35
15
6
18
21
21
2
15
32
20
16
4
29
6
7
1
7
36
24
18
34
4
3
0
36
18
31
33
22
20
30
12
12
16
30
18
11
10
25
25
0
9
12
27
16
36
24
7
7
20
27
4
33
34
20
35
2
13
30
36
35
34
18
33
16
33
9
27
27
2
1
0
12
31
36
8
8
22
13
7
7
25
30
12
6
2
0
26
9
9
30
3
30
2
14
4
17
5
9
7
10
30
31
22
25
4
22
5
0
12
22
20
4
11
1
31
36
20
5
10
10
11
16
16
12
14
23
2
18
18
32
25
25
19
32
3
21
14
12
12
34
16
16
17
32
29
34
3
29
5
21
22
25
27
36
4
4
20
11
36
4
19
19
9
24
24
29
13
14
20
14
17
7
33
15
23
35
5
35
35
5
12
2
11
11
25
28
0
25
25
0
27
27
17
17
13
26
34
34
27
2
16
8
26
0
19
25
4
24
11
11
33
26
26
17
17
35
35
32
30
32
6
7
5
4
30
3
1
23
11
30
31
0
11
20
12
29
11
34
1
14
7
23
2
26
4
32
12
23
26
35
21
8
0
5
29
7
20
0
15
1
25
5
12
12
14
16
3
28
19
33
6
19
32
35
35
16
15
