29
12
20
32
13
25
10
25
35
22
20
0
1
15
1
0
6
34
30
32
28
28
34
9
14
4
28
24
24
1
36
23
12
16
34
15
10
10
29
31
19
0
26
4
34
8
18
26
7
26
25
20
10
3
13
0
14
19
20
30
7
14
30
3
4
23
19
35
24
8
35
5
19
36
3
20
33
32
6
9
23
17
31
32
0
24
0
11
6
2
1
28
28
27
30
7
32
17
5
21
19
17
12
14
6
6
1
28
18
6
4
0
20
28
28
2
12
12
18
18
26
6
26
26
5
15
29
26
24
34
23
23
24
24
35
35
11
4
29
29
23
16
16
34
5
8
9
23
23
7
28
24
0
34
22
13
10
5
27
15
34
24
24
21
26
18
34
24
25
27
34
19
19
6
28
13
17
16
2
6
13
17
24
21
5
2
11
31
21
21
23
21
12
4
31
21
11
17
27
5
29
10
30
5
0
15
30
10
10
20
22
34
14
31
18
22
28
17
33
14
12
20
14
3
25
7
28
8
1
7
22
35
25
3
11
8
18
18
23
9
33
6
11
18
35
23
23
1
13
8
7
16
3
33
0
25
1
0
35
26
26
23
1
13
13
12
17
32
21
34
28
23
12
31
13
36
16
33
19
6
10
35
4
2
2
34
28
19
13
30
24
31
23
23
2
19
17
18
18
17
3
8
19
0
4
35
19
19
18
20
7
4
18
21
21
17
8
21
21
29
6
19
22
22
10
7
19
17
3
0
10
13
4
31
30
11
21
21
11
3
7
5
26
34
30
22
36
36
16
16
12
20
24
33
24
2
19
30
2
3
13
21
18
26
36
23
20
20
0
17
27
28
16
28
27
23
19
5
7
24
19
7
17
35
2
7
7
23
23
15
27
2
4
33
31
36
0
32
30
5
