26
26
15
15
24
24
12
10
5
13
13
1
23
23
12
20
18
26
26
33
13
13
23
1
18
27
1
16
17
29
31
19
6
16
19
35
20
19
3
29
21
16
3
5
14
26
12
12
2
4
35
14
14
36
11
31
28
8
18
16
28
24
30
16
16
4
8
7
9
34
22
8
3
13
20
3
7
19
1
15
8
31
13
28
12
19
20
2
18
28
13
35
5
26
16
32
12
11
11
23
2
3
22
7
7
12
25
5
17
21
22
30
21
22
1
12
14
8
25
8
25
10
19
10
8
19
30
28
28
25
0
27
6
16
8
15
29
3
28
33
29
29
15
10
16
33
17
24
24
34
0
17
21
16
25
15
12
19
24
4
21
16
34
8
14
14
1
21
27
35
24
10
5
29
19
23
14
9
13
12
31
14
29
35
35
29
27
10
25
19
2
9
20
25
21
6
14
6
14
3
0
17
24
27
22
15
30
14
21
33
21
3
15
12
2
21
2
24
2
28
0
28
34
2
18
0
35
8
17
14
35
35
28
36
15
4
9
0
32
7
7
7
2
2
3
25
8
0
9
26
20
5
30
2
15
13
14
33
13
19
35
7
13
0
1
1
32
16
8
32
15
21
20
14
36
20
32
5
35
21
32
2
12
18
1
7
24
34
17
17
25
16
25
24
24
19
31
24
35
35
30
25
36
36
24
35
13
13
3
29
7
22
21
19
19
6
34
22
10
4
20
28
28
18
27
11
22
19
12
32
31
2
18
18
11
11
25
12
8
15
32
17
17
5
0
2
3
35
34
34
33
27
29
3
6
7
9
36
17
2
26
33
27
28
22
13
18
33
30
17
24
25
25
14
3
28
28
18
33
25
25
31
28
3
20
1
23
23
10
1
32
35
20
20
5
8
