34
24
13
27
9
35
27
15
26
9
22
2
2
36
25
4
10
9
20
13
11
31
30
36
34
12
36
27
36
5
26
3
18
19
34
14
25
11
15
23
16
29
29
27
10
18
12
12
22
5
17
1
21
21
8
18
22
23
19
26
31
34
15
3
17
36
3
20
20
20
21
27
27
0
0
25
23
24
4
4
27
22
21
14
25
35
11
5
14
13
13
8
1
26
7
26
33
12
12
28
35
13
28
10
10
9
30
6
13
5
33
31
31
20
17
12
26
26
0
34
19
20
2
2
35
6
10
30
34
14
20
24
13
13
26
34
31
14
2
0
2
32
20
19
14
26
27
2
28
31
35
17
13
29
33
1
23
28
5
15
1
4
15
12
13
16
34
15
0
6
6
17
12
13
5
17
30
3
0
34
21
6
12
0
28
34
11
12
29
29
12
32
23
12
26
23
5
27
1
27
17
4
11
7
25
25
6
19
14
28
20
3
28
15
7
1
17
18
0
11
6
18
27
27
2
25
7
13
26
19
27
16
25
26
12
3
35
10
11
15
30
24
6
11
17
33
11
27
17
28
5
29
34
18
32
17
13
34
29
15
33
24
24
22
29
0
26
27
2
2
1
12
16
16
21
17
25
13
20
8
11
15
12
24
28
26
28
17
27
33
16
32
35
2
26
22
24
24
27
34
13
10
34
26
8
1
7
19
18
22
7
19
32
9
13
26
19
3
23
11
7
26
26
21
32
8
5
6
18
2
21
21
28
18
34
34
30
36
19
28
32
17
7
7
26
24
24
24
22
24
16
28
28
26
10
13
13
24
15
36
36
26
15
28
3
2
13
9
12
0
20
22
36
6
25
2
26
19
19
12
25
14
28
2
4
35
22
25
5
35
27
27
11
2
35
7
30
7
17
17
26
8
29
29
26
25
13
13
35
