19
19
4
19
34
33
8
20
9
12
5
14
26
1
2
19
15
10
21
16
16
25
1
17
29
22
2
13
27
9
9
22
21
21
17
18
9
19
19
18
28
33
32
20
32
15
32
21
21
17
20
2
1
11
0
35
32
20
31
31
6
21
21
33
9
9
2
27
19
19
7
23
23
28
36
17
8
26
21
21
4
29
6
24
24
1
27
14
7
32
2
26
29
17
26
14
22
7
10
22
27
32
5
32
9
23
2
14
10
17
13
26
30
33
22
11
11
31
4
29
30
31
1
21
21
6
10
24
24
10
6
15
34
4
16
16
34
2
6
28
28
24
13
24
10
17
35
4
20
32
1
33
24
11
34
12
6
11
30
8
34
16
7
31
26
5
30
30
24
14
3
33
26
30
12
12
25
18
26
6
8
22
36
30
36
18
16
33
15
22
17
14
17
34
31
10
14
0
9
35
25
28
10
14
2
3
28
8
25
36
14
19
22
26
18
15
27
31
22
24
35
35
26
35
4
28
25
25
34
21
21
6
5
5
30
20
30
5
10
9
20
20
35
34
18
29
15
22
18
35
3
35
33
23
30
23
11
33
7
13
25
25
31
31
19
25
15
31
2
29
35
35
2
29
29
2
2
23
14
34
1
5
33
15
24
4
9
7
18
18
9
1
1
1
15
17
28
28
6
21
35
35
18
28
24
9
7
36
20
29
35
32
14
10
31
10
25
6
28
24
32
19
8
10
20
6
10
14
0
8
20
33
9
9
32
27
13
0
10
26
33
7
11
20
33
15
21
14
9
22
24
28
5
16
5
1
0
4
11
10
27
21
30
25
30
32
1
29
3
25
24
24
19
3
3
31
24
5
0
2
18
18
26
5
5
23
33
14
7
18
4
10
27
19
9
12
2
