18
17
17
29
24
26
19
21
8
31
2
9
9
22
2
2
26
25
18
18
9
9
22
9
11
1
1
25
11
19
20
18
11
1
0
4
1
10
23
33
8
26
36
19
2
30
28
12
12
12
25
18
27
23
24
36
26
16
27
5
17
30
29
21
21
18
15
1
7
7
14
35
34
20
19
19
21
24
24
9
18
9
32
5
28
13
12
17
21
9
19
29
11
7
7
12
33
11
25
25
4
24
10
2
21
21
0
9
32
3
35
8
3
14
18
22
34
0
8
19
21
23
2
8
12
10
36
12
25
26
27
7
32
2
17
17
11
33
25
30
12
16
0
33
10
10
23
11
11
13
12
20
15
13
32
22
14
3
24
24
6
10
15
23
31
24
24
7
10
2
15
28
28
10
22
6
19
35
5
35
4
29
29
3
14
10
18
5
17
33
34
9
9
36
31
10
13
24
35
7
16
27
9
15
35
6
29
19
36
1
27
21
25
25
5
13
24
23
28
21
0
16
16
14
20
35
35
20
28
33
15
1
23
5
14
25
11
36
8
11
11
25
14
6
29
10
32
34
2
29
21
25
11
8
22
13
31
29
5
1
36
31
2
23
14
11
0
11
35
35
4
5
30
4
35
4
26
14
12
36
3
34
4
31
34
2
8
16
13
13
20
5
35
25
24
1
33
21
19
30
17
32
32
12
0
26
21
32
32
20
27
6
34
25
25
18
27
26
34
0
20
17
17
35
22
12
11
11
26
34
22
12
12
15
1
22
22
23
30
0
16
34
33
0
36
20
31
20
6
13
0
21
30
34
6
0
35
18
10
10
35
16
31
25
23
2
21
14
8
36
22
2
36
0
22
6
3
9
31
14
7
12
1
31
27
0
23
32
7
6
2
19
7
33
17
19
27
24
