34
24
1
14
26
4
23
23
6
21
4
18
35
36
8
30
0
23
23
3
2
5
15
6
28
29
30
18
36
7
5
1
36
7
3
16
7
30
8
0
31
0
25
22
36
36
17
7
30
26
30
12
12
28
13
4
0
29
3
31
29
17
18
33
15
16
17
17
33
14
36
25
14
14
12
19
17
32
7
13
31
10
10
21
35
0
2
4
10
10
15
30
29
20
25
1
29
34
23
23
23
13
20
25
25
30
13
18
18
27
18
8
30
2
3
29
6
26
34
1
25
33
1
20
36
19
34
9
8
2
14
34
10
13
30
14
33
23
16
35
15
20
6
15
2
9
13
1
35
5
29
18
25
25
2
8
34
33
5
24
13
10
10
1
16
0
25
13
15
24
24
0
14
7
29
13
20
25
9
10
10
0
18
20
18
8
33
18
24
24
4
5
6
8
23
35
28
15
10
31
31
0
13
13
19
10
4
6
6
18
18
32
2
30
22
8
33
29
9
30
9
30
23
31
1
32
14
22
11
23
13
34
34
28
21
14
3
11
35
16
16
33
2
13
13
4
4
6
18
11
18
25
5
11
36
8
22
34
6
7
3
14
23
4
16
27
35
17
33
22
9
22
3
32
14
17
17
5
35
26
19
24
32
15
9
21
12
12
25
8
22
4
16
16
6
31
2
11
35
7
31
27
16
16
24
24
36
28
9
28
7
0
25
0
29
35
20
27
21
15
6
25
16
29
29
28
19
27
3
19
5
18
16
27
16
2
9
32
15
3
26
24
29
13
8
13
36
19
9
26
7
3
1
5
31
28
29
5
5
2
7
24
26
9
33
17
5
29
12
24
24
6
6
1
8
29
10
25
25
16
29
34
24
18
10
10
23
23
17
29
19
32
7
0
7
7
35
30
