7
19
2
12
4
21
29
24
9
28
15
18
11
11
34
6
0
20
4
32
34
24
24
26
25
0
16
19
0
2
5
26
10
18
25
24
29
29
31
17
31
28
28
6
24
17
13
30
0
6
11
25
34
21
5
35
15
25
28
28
34
9
33
25
9
9
27
27
22
16
33
30
20
12
13
2
15
9
35
3
27
20
21
9
8
5
2
10
10
9
32
19
24
24
32
28
28
30
30
20
3
31
9
8
19
13
19
18
29
20
11
34
27
15
32
7
29
10
20
6
12
26
11
2
15
31
29
4
4
29
29
30
14
15
27
8
15
21
1
10
4
22
32
31
4
20
29
29
35
12
12
24
12
8
29
29
29
25
33
1
18
7
16
21
11
23
31
14
11
11
6
6
17
15
27
35
35
35
12
12
22
35
2
4
3
14
8
18
0
2
5
21
21
30
8
22
5
25
32
5
32
22
31
33
23
21
23
23
5
0
30
20
2
22
33
10
12
17
11
11
24
34
12
20
28
21
21
35
24
18
18
14
16
16
29
33
12
35
22
27
27
35
7
25
34
32
4
15
13
13
13
29
12
13
15
16
19
19
17
8
32
24
29
5
23
25
23
4
1
34
36
36
28
28
28
30
27
27
5
19
12
25
26
25
32
12
16
23
19
13
35
9
24
24
8
18
0
23
25
12
5
31
36
8
15
33
10
5
10
10
10
16
32
3
9
20
34
2
28
28
9
24
33
32
21
10
0
4
17
8
4
28
3
28
8
17
29
29
35
35
10
26
0
19
1
19
20
15
2
9
6
14
16
19
19
16
19
12
31
6
24
24
31
14
15
17
28
36
0
30
32
2
22
12
35
32
13
28
28
2
28
4
4
27
34
21
7
15
15
18
10
10
10
18
18
34
34
31
33
7
