32
33
17
36
15
28
34
30
35
25
27
29
29
18
30
10
12
22
10
18
34
21
10
10
19
10
29
9
35
8
1
0
28
21
21
31
3
19
19
23
13
31
22
21
13
14
16
6
3
25
31
3
27
15
14
2
2
20
16
18
1
0
26
26
24
36
7
5
25
36
9
9
21
35
11
11
19
30
19
7
7
24
6
5
17
25
31
19
4
24
19
32
4
33
21
3
32
34
9
9
21
34
19
23
6
2
32
1
8
30
20
18
20
15
11
18
16
16
17
3
1
36
16
27
27
13
23
25
32
13
32
12
12
25
21
36
12
10
17
28
12
24
8
6
18
18
31
27
1
7
6
7
14
22
6
5
22
33
17
30
21
28
28
28
8
16
4
34
25
22
3
25
34
7
7
5
25
0
30
25
8
26
14
19
10
29
1
1
4
11
2
34
12
33
30
12
3
25
6
34
34
16
10
1
18
36
21
7
24
14
14
30
9
12
7
1
17
20
36
12
26
23
35
13
36
15
26
4
13
3
23
9
9
34
25
19
3
10
36
1
27
4
11
30
11
28
28
23
31
35
35
9
9
21
27
32
22
34
20
9
36
22
18
25
27
7
6
21
12
5
8
27
12
32
25
5
21
3
25
26
15
30
30
31
25
29
0
21
29
6
4
4
1
4
3
29
14
20
25
1
27
9
12
35
15
18
18
18
2
13
13
27
27
4
26
6
25
29
0
16
36
36
4
30
0
31
26
21
21
11
18
3
20
31
31
27
28
4
6
28
32
5
19
34
28
28
2
1
17
2
3
6
21
30
25
15
17
9
9
3
35
34
35
12
23
23
7
17
27
16
9
15
12
29
29
14
24
32
30
1
19
16
8
10
9
35
28
16
16
7
16
27
1
31
30
