23
22
1
15
31
12
35
32
12
12
20
34
25
23
0
27
15
13
10
31
1
17
29
29
28
28
32
33
22
36
18
18
8
2
29
11
11
7
25
25
3
36
5
7
9
12
1
34
20
17
3
4
19
35
0
23
6
15
26
27
29
32
11
11
16
16
17
25
13
33
28
29
35
16
9
6
13
13
22
31
27
15
29
26
17
31
24
6
7
27
15
32
6
22
9
14
21
23
6
32
29
29
20
4
20
22
8
26
11
25
22
9
30
20
9
0
12
26
28
28
34
20
25
25
5
28
29
20
18
34
4
19
24
24
10
10
1
6
18
32
31
19
15
34
10
36
22
11
23
23
30
0
21
21
9
1
7
13
9
11
9
13
24
28
27
6
21
10
6
3
14
13
29
29
2
7
13
26
18
18
23
15
26
24
1
10
9
8
16
11
31
19
16
14
3
30
25
27
34
3
11
9
12
4
16
14
1
10
10
30
0
13
16
29
24
4
25
15
25
25
23
23
30
2
35
21
27
26
32
15
17
24
24
22
29
20
15
23
8
23
11
14
13
24
35
19
7
7
0
25
25
24
0
15
26
29
17
17
11
1
3
2
20
1
3
0
12
19
3
4
30
36
27
24
21
34
21
21
0
14
2
10
15
1
3
19
19
5
9
9
11
13
26
35
13
13
15
20
27
3
31
23
10
2
32
0
2
29
11
19
15
29
36
7
20
2
18
18
13
11
11
21
28
7
7
34
22
22
1
32
31
30
21
21
33
12
26
34
8
15
30
9
11
17
7
34
28
28
35
36
28
35
32
15
7
26
11
4
35
23
15
16
18
21
10
10
1
20
5
7
35
13
10
28
28
33
24
19
4
15
6
9
9
1
32
24
28
35
35
12
20
32
16
10
8
28
28
9
22
10
1
6
15
8
8
34
7
