15
10
10
15
17
11
11
36
3
21
13
9
5
21
11
23
23
27
26
24
24
6
15
0
30
3
0
14
16
16
26
34
29
11
19
16
6
7
7
8
23
0
25
5
0
15
8
31
29
29
31
13
15
19
9
14
6
24
24
6
3
25
34
32
24
15
35
33
25
14
24
4
33
5
25
32
2
1
34
22
5
27
30
28
36
31
16
16
31
14
20
6
0
26
21
21
16
24
18
25
3
24
24
24
30
5
18
29
18
34
8
20
29
1
31
24
21
20
12
12
13
22
29
22
20
0
36
16
27
7
23
29
36
36
15
8
4
32
28
10
12
34
6
17
14
13
5
8
32
31
31
35
27
27
5
1
16
25
35
33
5
4
24
32
35
31
33
27
8
32
16
27
13
1
7
0
31
16
26
14
25
0
17
23
23
31
8
32
11
11
36
15
30
11
11
6
16
22
25
33
21
17
23
29
29
5
34
31
29
6
13
20
11
11
32
0
28
22
25
32
26
27
27
34
13
2
6
26
1
9
7
2
7
19
2
11
13
26
26
16
33
21
32
4
20
5
3
4
28
28
34
12
5
36
34
2
2
12
17
32
13
27
28
12
6
29
8
8
8
15
5
15
31
31
3
32
13
12
12
6
30
14
31
13
36
29
32
8
8
8
10
3
27
2
29
35
22
16
28
31
33
9
13
25
23
23
0
35
35
35
24
13
34
27
29
17
18
17
34
23
23
35
35
18
5
4
24
6
10
23
23
14
33
10
6
30
29
30
31
16
12
17
21
1
5
14
36
36
28
21
21
30
2
24
23
28
29
29
1
36
22
0
1
31
2
5
19
28
30
3
9
9
10
10
17
17
18
18
27
29
24
24
22
3
35
4
11
30
6
29
20
15
15
7
21
15
17
17
10
16
12
21
