31
34
9
20
14
11
8
25
13
0
31
5
15
25
25
25
34
0
35
21
30
17
17
17
19
25
25
35
14
14
34
28
10
3
32
36
20
20
21
35
23
23
2
23
1
12
3
27
3
5
4
17
4
8
9
9
12
24
10
31
23
23
25
36
3
12
29
5
15
20
16
11
28
6
22
25
28
28
3
23
32
9
12
12
35
35
30
18
18
18
0
19
11
6
19
35
19
10
6
8
13
36
36
0
34
36
24
12
14
3
0
16
10
12
22
17
10
22
24
24
19
5
24
24
21
25
26
8
7
19
34
3
30
8
14
9
36
33
22
17
20
18
2
12
15
15
7
34
14
9
32
20
23
13
0
27
35
3
3
14
22
24
22
32
36
9
23
32
22
28
7
18
18
5
27
12
19
0
6
28
31
0
3
19
3
11
30
11
23
20
19
22
9
19
30
26
15
22
29
9
26
16
13
25
25
12
0
22
35
27
27
25
35
10
22
1
26
2
9
19
32
11
13
25
25
6
7
7
17
17
9
9
10
13
27
6
21
21
9
3
33
21
28
24
14
26
22
3
30
22
16
33
5
7
26
23
32
4
12
10
10
34
33
28
2
8
4
18
36
36
11
11
4
24
25
25
23
23
10
1
10
12
22
1
28
30
32
25
21
30
7
7
4
34
25
24
7
17
0
35
15
20
6
27
23
23
22
34
10
13
13
15
28
34
7
4
4
20
7
35
4
9
9
1
17
23
33
18
3
26
30
2
31
14
22
13
15
1
14
20
1
21
21
4
31
31
31
9
9
9
19
19
25
36
12
4
30
17
28
34
25
19
19
33
30
20
7
27
0
32
16
16
7
16
21
7
7
36
34
7
7
24
24
27
19
10
33
13
35
3
3
21
24
24
34
24
31
31
17
25
0
9
13
36
