16
32
16
22
8
14
35
35
6
7
17
17
19
0
15
36
35
15
29
29
2
14
8
22
17
7
7
23
23
5
34
2
26
8
29
4
4
35
4
23
0
5
26
14
34
7
7
9
28
23
31
30
3
35
33
27
4
15
6
28
9
6
23
23
29
18
9
25
24
26
29
34
12
26
0
6
34
21
3
0
20
1
35
26
36
15
10
5
32
18
25
0
23
6
31
19
11
26
16
16
25
1
33
19
34
27
6
6
28
34
17
20
35
21
7
35
10
10
10
14
14
30
0
21
21
31
18
14
6
12
12
20
32
26
16
29
12
15
15
0
6
32
4
22
4
7
21
14
13
13
33
18
34
20
26
33
26
7
6
12
12
18
14
26
36
6
20
10
1
23
25
29
18
6
12
36
35
25
18
26
22
2
30
5
6
19
7
4
21
30
22
19
5
24
11
11
26
29
29
21
10
0
33
29
29
29
7
28
26
8
9
9
33
11
8
20
2
21
33
1
22
4
31
12
3
34
36
36
17
12
0
20
22
33
31
16
15
3
9
3
27
25
23
25
23
34
5
18
28
15
27
23
36
4
1
28
3
30
10
18
24
28
28
22
33
9
9
1
30
0
22
6
34
11
29
8
16
17
5
4
5
18
7
11
28
36
8
36
31
14
5
15
33
15
2
3
0
30
30
34
16
10
7
36
26
11
0
20
10
13
0
19
12
24
24
4
7
7
10
8
10
8
20
18
30
27
18
21
27
21
21
14
7
27
22
35
35
33
11
17
33
25
7
18
35
9
22
15
15
35
28
15
23
4
30
7
14
33
9
13
19
8
13
4
23
31
29
35
15
34
29
33
3
3
12
3
20
20
27
10
3
5
33
34
27
25
8
32
12
3
30
10
26
21
29
28
25
34
23
