34
7
16
21
3
27
31
31
5
26
32
11
30
21
3
2
8
13
32
6
13
25
31
30
20
30
17
18
1
34
20
18
16
30
12
2
20
26
32
34
29
33
12
35
26
6
4
21
17
0
25
25
7
33
22
25
0
0
6
32
8
7
31
24
16
5
30
27
19
17
3
26
18
25
29
0
33
34
26
2
19
25
0
17
30
7
24
5
6
18
10
3
1
11
30
27
27
21
0
7
28
4
28
3
33
19
19
24
8
5
34
24
0
3
9
12
12
10
3
23
23
12
10
9
24
30
27
23
23
31
13
26
22
23
23
9
31
3
8
31
19
16
16
10
27
5
9
33
36
32
21
27
22
25
1
16
25
12
28
10
10
21
21
35
9
36
6
25
8
32
26
27
18
18
2
25
5
21
20
3
11
19
27
27
2
15
31
31
11
12
5
24
9
35
2
33
25
24
7
4
25
25
25
27
11
25
30
25
2
21
21
12
17
26
12
21
33
21
27
27
33
18
31
2
10
33
0
22
27
17
10
10
19
26
10
8
9
9
23
21
32
1
26
15
15
21
14
30
34
28
18
31
5
15
19
29
3
29
3
23
8
0
33
22
13
18
21
27
34
5
18
0
11
31
22
29
30
33
8
22
21
0
17
9
10
9
34
16
13
5
18
10
10
2
36
36
3
13
16
35
16
6
5
11
24
16
28
25
32
5
14
34
9
35
16
16
7
20
11
4
32
6
5
25
33
15
15
31
18
7
25
25
25
11
11
22
25
22
34
29
21
2
0
22
21
29
9
29
5
2
32
20
33
3
18
35
24
21
2
34
24
24
31
0
36
4
6
33
33
24
8
13
15
30
18
15
3
23
23
15
22
20
1
13
20
18
29
29
25
9
9
33
31
8
36
29
19
14
2
13
24
26
16
21
22
28
