18
4
18
18
10
13
0
34
7
16
16
26
26
26
26
5
16
24
24
21
22
18
20
20
15
1
33
27
29
3
11
31
24
11
11
16
2
30
4
31
15
25
26
18
34
22
22
29
7
3
2
14
18
11
11
36
5
13
25
25
25
34
34
36
34
7
8
32
24
16
28
11
22
28
28
17
19
30
35
18
15
12
24
6
10
36
27
17
3
24
24
26
25
30
30
3
14
12
32
22
33
24
24
20
21
21
17
2
23
27
6
30
2
21
21
24
8
33
10
10
2
3
19
18
18
5
26
24
15
3
21
14
12
2
3
30
23
0
25
3
28
35
18
21
31
21
32
19
6
32
30
19
20
6
30
13
31
14
33
4
18
18
14
35
4
7
7
30
24
22
5
2
32
30
28
13
14
0
30
33
31
29
12
25
0
6
22
27
27
6
32
34
14
9
12
21
12
12
34
17
4
2
9
11
0
6
24
30
18
18
12
33
36
10
10
22
4
15
25
25
36
31
4
24
2
14
6
34
7
7
10
10
3
29
2
1
10
27
36
31
33
27
5
2
11
11
33
23
13
1
32
25
22
4
19
11
11
26
12
10
6
14
23
2
13
33
16
18
22
33
16
21
6
9
13
10
10
35
34
1
35
0
27
29
29
9
21
28
18
35
13
8
25
31
32
19
13
9
9
36
34
31
31
13
33
22
5
23
5
33
18
1
21
19
11
31
35
35
32
24
19
9
22
32
18
25
27
27
11
32
17
0
8
21
15
30
17
31
13
27
18
14
32
3
33
12
15
34
13
26
26
5
8
20
33
17
9
34
10
10
33
31
26
18
30
26
19
25
20
27
10
10
30
32
7
10
33
33
2
23
23
34
25
22
24
25
3
13
34
12
6
26
12
34
30
30
