17
13
0
8
26
0
3
3
14
22
21
17
36
20
2
35
32
32
4
6
25
8
32
3
17
8
17
7
33
11
13
0
24
34
17
17
26
31
9
9
24
21
24
4
31
18
26
34
21
26
30
22
10
24
2
11
18
1
26
22
26
36
27
34
14
0
32
32
36
31
19
2
14
36
25
1
18
10
27
9
28
13
36
8
0
4
31
36
5
5
25
1
27
27
16
32
9
9
13
2
30
13
25
8
22
3
1
1
9
30
22
9
13
12
12
34
15
5
29
20
14
34
33
14
24
36
25
34
31
16
25
12
2
20
18
23
22
32
35
9
34
11
16
12
9
27
4
0
17
27
11
3
28
26
16
3
1
5
11
13
18
15
13
11
26
22
11
26
19
34
21
35
26
17
12
34
31
17
12
24
16
27
2
11
11
9
9
7
15
29
29
4
25
15
30
21
0
3
32
19
36
9
29
13
5
27
29
7
7
2
20
16
13
30
16
17
35
26
0
23
3
31
7
31
19
26
5
23
29
16
7
1
23
30
8
4
2
31
14
7
14
14
12
5
36
36
2
20
7
11
17
17
0
36
2
29
29
17
24
17
1
36
4
23
34
24
7
9
13
20
7
22
32
19
34
36
5
36
3
30
0
11
28
18
12
12
31
7
24
24
32
8
11
8
35
26
32
14
6
14
22
1
17
17
8
19
8
15
17
0
18
12
1
5
10
36
25
12
6
7
4
36
16
2
15
9
9
20
2
16
36
14
35
35
14
10
10
9
15
6
33
12
1
2
24
6
28
2
2
5
13
20
0
26
28
1
23
2
13
5
28
14
13
13
19
31
16
21
0
14
33
18
26
27
35
8
29
0
27
18
14
20
31
36
4
14
32
20
7
18
30
27
25
30
8
15
20
9
9
6
30
0
5
1
22
