13
27
3
8
28
19
7
15
34
36
19
19
3
10
5
12
24
7
31
31
9
9
19
0
19
12
35
35
34
35
23
11
36
24
22
0
25
8
10
1
15
32
6
6
27
10
3
7
7
25
25
20
34
18
14
21
1
4
27
3
10
10
5
4
14
20
9
9
34
34
24
11
10
33
35
3
16
14
4
22
10
30
24
35
7
3
34
25
3
18
18
23
17
35
15
30
3
9
28
26
1
24
24
34
5
29
36
18
9
32
6
15
9
32
15
5
34
20
16
7
35
21
18
0
33
30
6
23
29
25
10
21
20
5
31
24
8
16
21
31
17
23
17
24
22
35
13
25
25
1
3
9
9
25
18
25
6
33
30
30
26
20
12
20
36
36
6
36
28
19
10
30
31
18
15
15
18
24
24
15
10
30
8
10
15
35
31
22
19
20
16
33
9
21
26
29
18
18
8
4
28
7
19
35
24
1
31
27
6
34
24
10
7
5
14
24
34
17
6
5
19
19
0
8
0
16
3
36
14
28
28
26
5
30
15
12
17
25
25
11
17
17
28
8
30
12
11
10
21
34
8
8
19
0
19
14
16
28
0
4
13
32
13
11
14
15
14
15
23
22
24
30
17
24
24
2
2
11
11
15
20
25
18
35
6
33
9
9
6
21
24
24
24
24
19
32
33
6
3
8
14
32
9
34
24
9
14
23
19
6
28
28
5
9
27
4
35
22
25
25
33
35
17
11
17
14
4
1
19
0
21
21
5
21
15
14
26
30
15
6
23
1
28
7
16
16
4
33
17
25
5
4
2
12
10
24
18
34
22
10
15
11
20
10
13
20
10
16
33
9
9
7
12
26
22
10
9
8
27
9
33
0
22
28
29
4
28
3
8
30
5
16
13
13
30
8
28
32
4
34
2
10
17
34
33
27
25
