22
11
30
3
11
6
4
33
7
7
4
13
6
17
6
22
13
0
31
3
27
27
24
0
16
29
29
35
18
22
34
16
16
32
3
17
7
17
10
12
7
7
34
7
23
32
19
21
27
8
28
24
4
21
10
32
7
24
0
17
30
0
10
36
17
5
16
26
15
20
8
25
16
16
9
12
22
6
9
6
9
18
12
30
27
24
24
19
7
34
20
29
35
33
15
6
19
6
34
24
32
14
13
9
31
30
5
35
13
13
19
36
7
4
25
5
33
35
35
35
7
10
10
12
16
19
22
25
12
14
9
19
20
36
36
12
0
30
14
31
34
20
24
24
2
13
7
7
6
26
26
16
10
4
31
12
20
18
12
21
21
5
17
27
27
31
15
26
30
35
5
22
26
29
22
4
15
26
26
14
9
36
7
26
26
17
29
36
36
18
25
34
9
34
25
1
8
3
36
0
28
32
18
29
17
11
22
7
19
17
4
4
19
29
7
7
2
23
23
0
32
25
11
3
2
23
22
29
29
14
25
27
7
3
19
23
16
31
28
17
17
12
21
21
4
24
17
25
24
24
9
24
35
7
22
12
12
22
25
1
24
27
0
9
32
32
34
14
16
26
30
17
5
13
34
24
12
6
2
17
19
32
13
20
36
12
0
25
30
32
36
3
18
1
34
36
23
34
18
20
32
9
9
28
17
23
24
31
16
27
3
27
21
31
29
21
33
26
32
28
8
27
19
32
32
20
13
10
34
28
32
11
27
2
10
10
29
25
24
24
29
33
2
29
6
24
15
36
9
12
24
31
25
21
15
6
15
30
19
34
28
10
13
0
30
28
8
21
20
17
17
13
19
22
4
3
17
20
28
21
2
23
12
12
8
20
29
29
9
35
0
15
28
21
28
23
29
